460.80725623582765
620.8072562358277
791.8072562358277
1181.8072562358277
1525.8072562358277
1483.8072562358277
1199.8072562358277
967.8072562358277
845.8072562358277
965.8072562358277
1487.8072562358277
1989.8072562358277
1833.8072562358277
1275.8072562358277
1124.8072562358277
1386.8072562358277
1459.8072562358277
1398.8072562358277
1624.8072562358277
1842.8072562358277
1609.8072562358277
1354.8072562358277
1597.8072562358277
1912.8072562358277
1764.8072562358277
1425.8072562358277
1205.8072562358277
835.8072562358277
259.80725623582765
-71.19274376417233
-51.192743764172334
29.807256235827666
260.80725623582765
870.8072562358277
1436.8072562358277
1353.8072562358277
744.8072562358277
159.80725623582765
-134.19274376417235
-92.19274376417233
218.80725623582765
402.80725623582765
145.80725623582765
-207.19274376417235
-200.19274376417235
-77.19274376417233
-277.19274376417235
-590.1927437641723
-640.1927437641723
-674.1927437641723
-1092.1927437641723
-1676.1927437641723
-1889.1927437641723
-1609.1927437641723
-1126.1927437641723
-723.1927437641723
-561.1927437641723
-725.1927437641723
-1132.1927437641723
-1514.1927437641723
-1655.1927437641723
-1612.1927437641723
-1568.1927437641723
-1508.1927437641723
-1279.1927437641723
-961.1927437641723
-846.1927437641723
-986.1927437641723
-1139.1927437641723
-1195.1927437641723
-1217.1927437641723
-1139.1927437641723
-917.1927437641723
-849.1927437641723
-1191.1927437641723
-1654.1927437641723
-1797.1927437641723
-1660.1927437641723
-1529.1927437641723
-1441.1927437641723
-1410.1927437641723
-1680.1927437641723
-2293.1927437641725
-2795.1927437641725
-2786.1927437641725
-2413.1927437641725
-2032.1927437641723
-1732.1927437641723
-1482.1927437641723
-1394.1927437641723
-1554.1927437641723
-1795.1927437641723
-1870.1927437641723
-1717.1927437641723
-1426.1927437641723
-1061.1927437641723
-690.1927437641723
-464.19274376417235
-474.19274376417235
-621.1927437641723
-751.1927437641723
-813.1927437641723
-823.1927437641723
-832.1927437641723
-1005.1927437641723
-1370.1927437641723
-1579.1927437641723
-1356.1927437641723
-978.1927437641723
-905.1927437641723
-1107.1927437641723
-1235.1927437641723
-1201.1927437641723
-1103.1927437641723
-918.1927437641723
-690.1927437641723
-656.1927437641723
-841.1927437641723
-961.1927437641723
-965.1927437641723
-1135.1927437641723
-1542.1927437641723
-1896.1927437641723
-1945.1927437641723
-1614.1927437641723
-960.1927437641723
-345.19274376417235
-211.19274376417235
-448.19274376417235
-526.1927437641723
-364.19274376417235
-315.19274376417235
-350.19274376417235
-164.19274376417235
12.807256235827664
-262.19274376417235
-704.1927437641723
-659.1927437641723
-209.19274376417235
27.807256235827666
-122.19274376417233
-406.19274376417235
-769.1927437641723
-1190.1927437641723
-1328.1927437641723
-989.1927437641723
-540.1927437641723
-377.19274376417235
-410.19274376417235
-421.19274376417235
-443.19274376417235
-542.1927437641723
-679.1927437641723
-854.1927437641723
-1007.1927437641723
-874.1927437641723
-340.19274376417235
306.80725623582765
766.8072562358277
1019.8072562358277
1057.8072562358277
864.8072562358277
774.8072562358277
1207.8072562358277
1955.8072562358277
2346.8072562358275
2151.8072562358275
1784.8072562358277
1697.8072562358277
2029.8072562358277
2663.8072562358275
3230.8072562358275
3272.8072562358275
2730.8072562358275
2071.8072562358275
1764.8072562358277
1857.8072562358277
2091.8072562358275
2255.8072562358275
2341.8072562358275
2403.8072562358275
2306.8072562358275
1842.8072562358277
1226.8072562358277
1049.8072562358277
1494.8072562358277
2041.8072562358277
2241.8072562358275
2230.8072562358275
2223.8072562358275
2170.8072562358275
2120.8072562358275
2264.8072562358275
2500.8072562358275
2589.8072562358275
2614.8072562358275
2701.8072562358275
2608.8072562358275
2242.8072562358275
2043.8072562358277
2282.8072562358275
2601.8072562358275
2700.8072562358275
2713.8072562358275
2633.8072562358275
2263.8072562358275
1876.8072562358277
2000.8072562358277
2545.8072562358275
2956.8072562358275
2986.8072562358275
2624.8072562358275
1846.8072562358277
1010.8072562358277
742.8072562358277
1004.8072562358277
1173.8072562358277
1198.8072562358277
1520.8072562358277
1936.8072562358277
1867.8072562358277
1545.8072562358277
1602.8072562358277
1870.8072562358277
1871.8072562358277
1893.8072562358277
2362.8072562358275
2859.8072562358275
2833.8072562358275
2505.8072562358275
2260.8072562358275
2043.8072562358277
1889.8072562358277
1994.8072562358277
2028.8072562358277
1476.8072562358277
652.8072562358277
299.80725623582765
445.80725623582765
662.8072562358277
957.8072562358277
1409.8072562358277
1553.8072562358277
1083.8072562358277
478.80725623582765
253.80725623582765
291.80725623582765
370.80725623582765
524.8072562358277
634.8072562358277
472.80725623582765
242.80725623582765
299.80725623582765
472.80725623582765
373.80725623582765
93.80725623582767
-56.192743764172334
-90.19274376417233
-82.19274376417233
92.80725623582767
346.80725623582765
304.80725623582765
-12.192743764172336
-121.19274376417233
98.80725623582767
211.80725623582765
-19.192743764172334
-334.19274376417235
-491.19274376417235
-495.19274376417235
-355.19274376417235
-184.19274376417235
-343.19274376417235
-943.1927437641723
-1487.1927437641723
-1505.1927437641723
-1242.1927437641723
-1183.1927437641723
-1284.1927437641723
-1208.1927437641723
-979.1927437641723
-876.1927437641723
-924.1927437641723
-922.1927437641723
-797.1927437641723
-647.1927437641723
-539.1927437641723
-410.19274376417235
-107.19274376417233
384.80725623582765
706.8072562358277
388.80725623582765
-446.19274376417235
-1060.1927437641723
-1030.1927437641723
-773.1927437641723
-847.1927437641723
-1189.1927437641723
-1405.1927437641723
-1397.1927437641723
-1330.1927437641723
-1297.1927437641723
-1308.1927437641723
-1384.1927437641723
-1514.1927437641723
-1695.1927437641723
-1985.1927437641723
-2318.1927437641725
-2437.1927437641725
-2271.1927437641725
-2123.1927437641725
-2210.1927437641725
-2309.1927437641725
-2163.1927437641725
-1898.1927437641723
-1737.1927437641723
-1640.1927437641723
-1505.1927437641723
-1368.1927437641723
-1214.1927437641723
-933.1927437641723
-602.1927437641723
-477.19274376417235
-619.1927437641723
-874.1927437641723
-1189.1927437641723
-1606.1927437641723
-2004.1927437641723
-2201.1927437641725
-2238.1927437641725
-2241.1927437641725
-2140.1927437641725
-1836.1927437641723
-1538.1927437641723
-1640.1927437641723
-2247.1927437641725
-2982.1927437641725
-3289.1927437641725
-2945.1927437641725
-2308.1927437641725
-1985.1927437641723
-2175.1927437641725
-2486.1927437641725
-2473.1927437641725
-2172.1927437641725
-1914.1927437641723
-1811.1927437641723
-1720.1927437641723
-1613.1927437641723
-1616.1927437641723
-1676.1927437641723
-1535.1927437641723
-1135.1927437641723
-748.1927437641723
-588.1927437641723
-609.1927437641723
-758.1927437641723
-1061.1927437641723
-1388.1927437641723
-1499.1927437641723
-1377.1927437641723
-1188.1927437641723
-943.1927437641723
-590.1927437641723
-381.19274376417235
-622.1927437641723
-1147.1927437641723
-1499.1927437641723
-1483.1927437641723
-1209.1927437641723
-863.1927437641723
-727.1927437641723
-988.1927437641723
-1347.1927437641723
-1322.1927437641723
-954.1927437641723
-647.1927437641723
-459.19274376417235
-263.19274376417235
-328.19274376417235
-912.1927437641723
-1542.1927437641723
-1522.1927437641723
-891.1927437641723
-202.19274376417235
240.80725623582765
372.80725623582765
84.80725623582767
-520.1927437641723
-1049.1927437641723
-1310.1927437641723
-1428.1927437641723
-1373.1927437641723
-1000.1927437641723
-540.1927437641723
-401.19274376417235
-557.1927437641723
-708.1927437641723
-793.1927437641723
-854.1927437641723
-780.1927437641723
-654.1927437641723
-779.1927437641723
-1058.1927437641723
-979.1927437641723
-469.19274376417235
16.807256235827666
320.80725623582765
652.8072562358277
870.8072562358277
610.8072562358277
76.80725623582767
-160.19274376417235
3.807256235827664
254.80725623582765
457.80725623582765
633.8072562358277
731.8072562358277
807.8072562358277
995.8072562358277
1118.8072562358277
884.8072562358277
470.80725623582765
323.80725623582765
477.80725623582765
640.8072562358277
712.8072562358277
728.8072562358277
640.8072562358277
539.8072562358277
691.8072562358277
1024.8072562358277
1071.8072562358277
654.8072562358277
159.80725623582765
-3.192743764172336
220.80725623582765
709.8072562358277
1275.8072562358277
1632.8072562358277
1629.8072562358277
1460.8072562358277
1408.8072562358277
1512.8072562358277
1657.8072562358277
1794.8072562358277
1897.8072562358277
1907.8072562358277
1855.8072562358277
1838.8072562358277
1830.8072562358277
1742.8072562358277
1656.8072562358277
1720.8072562358277
1877.8072562358277
1976.8072562358277
2045.8072562358277
2173.8072562358275
2293.8072562358275
2315.8072562358275
2294.8072562358275
2269.8072562358275
2187.8072562358275
2054.8072562358275
1892.8072562358277
1552.8072562358277
957.8072562358277
383.80725623582765
134.80725623582765
94.80725623582767
-10.192743764172336
-196.19274376417235
-358.19274376417235
-447.19274376417235
-306.19274376417235
193.80725623582765
758.8072562358277
903.8072562358277
635.8072562358277
344.80725623582765
175.80725623582765
48.807256235827666
27.807256235827666
145.80725623582765
134.80725623582765
-189.19274376417235
-583.1927437641723
-743.1927437641723
-679.1927437641723
-524.1927437641723
-349.19274376417235
-265.19274376417235
-323.19274376417235
-340.19274376417235
-178.19274376417235
-33.192743764172334
-105.19274376417233
-187.19274376417235
-6.192743764172336
291.80725623582765
381.80725623582765
252.80725623582765
95.80725623582767
-49.192743764172334
-207.19274376417235
-248.19274376417235
-43.192743764172334
335.80725623582765
739.8072562358277
1067.8072562358277
1215.8072562358277
1154.8072562358277
1087.8072562358277
1234.8072562358277
1510.8072562358277
1666.8072562358277
1630.8072562358277
1454.8072562358277
1151.8072562358277
818.8072562358277
678.8072562358277
753.8072562358277
795.8072562358277
669.8072562358277
501.80725623582765
414.80725623582765
422.80725623582765
588.8072562358277
986.8072562358277
1530.8072562358277
2065.8072562358275
2514.8072562358275
2839.8072562358275
3006.8072562358275
3047.8072562358275
3032.8072562358275
3016.8072562358275
3102.8072562358275
3359.8072562358275
3637.8072562358275
3686.8072562358275
3511.8072562358275
3313.8072562358275
3156.8072562358275
3000.8072562358275
2913.8072562358275
2928.8072562358275
2861.8072562358275
2589.8072562358275
2289.8072562358275
2159.8072562358275
2139.8072562358275
2110.8072562358275
2109.8072562358275
2168.8072562358275
2155.8072562358275
1950.8072562358277
1639.8072562358277
1434.8072562358277
1430.8072562358277
1490.8072562358277
1390.8072562358277
1094.8072562358277
831.8072562358277
860.8072562358277
1166.8072562358277
1489.8072562358277
1630.8072562358277
1635.8072562358277
1638.8072562358277
1612.8072562358277
1420.8072562358277
1068.8072562358277
754.8072562358277
594.8072562358277
481.80725623582765
292.80725623582765
62.807256235827666
-141.19274376417235
-365.19274376417235
-669.1927437641723
-980.1927437641723
-1166.1927437641723
-1228.1927437641723
-1298.1927437641723
-1443.1927437641723
-1539.1927437641723
-1401.1927437641723
-1047.1927437641723
-759.1927437641723
-821.1927437641723
-1205.1927437641723
-1589.1927437641723
-1727.1927437641723
-1737.1927437641723
-1893.1927437641723
-2216.1927437641725
-2454.1927437641725
-2446.1927437641725
-2278.1927437641725
-2108.1927437641725
-2017.1927437641723
-2005.1927437641723
-1968.1927437641723
-1787.1927437641723
-1565.1927437641723
-1569.1927437641723
-1835.1927437641723
-2094.1927437641725
-2169.1927437641725
-2101.1927437641725
-1897.1927437641723
-1571.1927437641723
-1429.1927437641723
-1792.1927437641723
-2454.1927437641725
-2866.1927437641725
-2817.1927437641725
-2526.1927437641725
-2233.1927437641725
-2075.1927437641725
-2163.1927437641725
-2418.1927437641725
-2569.1927437641725
-2535.1927437641725
-2493.1927437641725
-2458.1927437641725
-2271.1927437641725
-2080.1927437641725
-2259.1927437641725
-2725.1927437641725
-2949.1927437641725
-2754.1927437641725
-2494.1927437641725
-2411.1927437641725
-2403.1927437641725
-2422.1927437641725
-2522.1927437641725
-2589.1927437641725
-2535.1927437641725
-2560.1927437641725
-2766.1927437641725
-2867.1927437641725
-2698.1927437641725
-2556.1927437641725
-2680.1927437641725
-2899.1927437641725
-3051.1927437641725
-3157.1927437641725
-3106.1927437641725
-2819.1927437641725
-2660.1927437641725
-2973.1927437641725
-3410.1927437641725
-3441.1927437641725
-3171.1927437641725
-2981.1927437641725
-2851.1927437641725
-2653.1927437641725
-2544.1927437641725
-2525.1927437641725
-2262.1927437641725
-1748.1927437641723
-1462.1927437641723
-1600.1927437641723
-1827.1927437641723
-1913.1927437641723
-1932.1927437641723
-1867.1927437641723
-1676.1927437641723
-1600.1927437641723
-1839.1927437641723
-2133.1927437641725
-2159.1927437641725
-2046.1927437641723
-2108.1927437641725
-2407.1927437641725
-2837.1927437641725
-3290.1927437641725
-3559.1927437641725
-3439.1927437641725
-3030.1927437641725
-2634.1927437641725
-2377.1927437641725
-2209.1927437641725
-2148.1927437641725
-2196.1927437641725
-2187.1927437641725
-1992.1927437641723
-1713.1927437641723
-1476.1927437641723
-1223.1927437641723
-882.1927437641723
-521.1927437641723
-244.19274376417235
-87.19274376417233
-17.192743764172334
128.80725623582765
550.8072562358277
1172.8072562358277
1617.8072562358277
1685.8072562358277
1585.8072562358277
1570.8072562358277
1679.8072562358277
1914.8072562358277
2310.8072562358275
2713.8072562358275
2855.8072562358275
2689.8072562358275
2404.8072562358275
2191.8072562358275
2202.8072562358275
2507.8072562358275
2911.8072562358275
3094.8072562358275
3055.8072562358275
3062.8072562358275
3165.8072562358275
3212.8072562358275
3263.8072562358275
3462.8072562358275
3649.8072562358275
3599.8072562358275
3470.8072562358275
3512.8072562358275
3627.8072562358275
3651.8072562358275
3704.8072562358275
3889.8072562358275
4013.8072562358275
3929.8072562358275
3755.8072562358275
3565.8072562358275
3319.8072562358275
3180.8072562358275
3389.8072562358275
3783.8072562358275
3921.8072562358275
3692.8072562358275
3375.8072562358275
3215.8072562358275
3290.8072562358275
3586.8072562358275
3870.8072562358275
3791.8072562358275
3363.8072562358275
3023.8072562358275
3001.8072562358275
3055.8072562358275
2972.8072562358275
2876.8072562358275
2897.8072562358275
2962.8072562358275
3011.8072562358275
3058.8072562358275
3050.8072562358275
2973.8072562358275
2976.8072562358275
3150.8072562358275
3335.8072562358275
3374.8072562358275
3336.8072562358275
3328.8072562358275
3319.8072562358275
3232.8072562358275
3030.8072562358275
2728.8072562358275
2455.8072562358275
2365.8072562358275
2391.8072562358275
2327.8072562358275
2199.8072562358275
2214.8072562358275
2328.8072562358275
2244.8072562358275
1880.8072562358277
1479.8072562358277
1282.8072562358277
1338.8072562358277
1588.8072562358277
1889.8072562358277
2041.8072562358277
1932.8072562358277
1610.8072562358277
1250.8072562358277
1088.8072562358277
1255.8072562358277
1551.8072562358277
1606.8072562358277
1372.8072562358277
1173.8072562358277
1190.8072562358277
1265.8072562358277
1250.8072562358277
1206.8072562358277
1153.8072562358277
996.8072562358277
734.8072562358277
510.80725623582765
424.80725623582765
461.80725623582765
568.8072562358277
652.8072562358277
626.8072562358277
534.8072562358277
492.80725623582765
464.80725623582765
285.80725623582765
-34.192743764172334
-235.19274376417235
-112.19274376417233
260.80725623582765
659.8072562358277
926.8072562358277
1008.8072562358277
906.8072562358277
677.8072562358277
428.80725623582765
266.80725623582765
224.80725623582765
227.80725623582765
159.80725623582765
14.807256235827664
-56.192743764172334
80.80725623582767
343.80725623582765
490.80725623582765
337.80725623582765
-95.19274376417233
-616.1927437641723
-962.1927437641723
-996.1927437641723
-810.1927437641723
-598.1927437641723
-463.19274376417235
-426.19274376417235
-519.1927437641723
-723.1927437641723
-921.1927437641723
-1037.1927437641723
-1114.1927437641723
-1167.1927437641723
-1125.1927437641723
-982.1927437641723
-855.1927437641723
-837.1927437641723
-907.1927437641723
-982.1927437641723
-985.1927437641723
-937.1927437641723
-976.1927437641723
-1179.1927437641723
-1411.1927437641723
-1540.1927437641723
-1666.1927437641723
-1879.1927437641723
-1999.1927437641723
-1842.1927437641723
-1588.1927437641723
-1551.1927437641723
-1780.1927437641723
-2107.1927437641725
-2416.1927437641725
-2645.1927437641725
-2750.1927437641725
-2790.1927437641725
-2877.1927437641725
-3003.1927437641725
-3114.1927437641725
-3280.1927437641725
-3522.1927437641725
-3654.1927437641725
-3577.1927437641725
-3532.1927437641725
-3707.1927437641725
-3863.1927437641725
-3715.1927437641725
-3432.1927437641725
-3339.1927437641725
-3379.1927437641725
-3279.1927437641725
-3031.1927437641725
-2814.1927437641725
-2682.1927437641725
-2614.1927437641725
-2636.1927437641725
-2679.1927437641725
-2615.1927437641725
-2528.1927437641725
-2599.1927437641725
-2706.1927437641725
-2571.1927437641725
-2244.1927437641725
-2014.1927437641723
-1943.1927437641723
-1906.1927437641723
-1897.1927437641723
-1943.1927437641723
-1971.1927437641723
-2003.1927437641723
-2152.1927437641725
-2294.1927437641725
-2180.1927437641725
-1905.1927437641723
-1811.1927437641723
-1961.1927437641723
-2183.1927437641725
-2449.1927437641725
-2756.1927437641725
-2874.1927437641725
-2698.1927437641725
-2548.1927437641725
-2722.1927437641725
-3006.1927437641725
-2975.1927437641725
-2512.1927437641725
-1866.1927437641723
-1410.1927437641723
-1412.1927437641723
-1816.1927437641723
-2244.1927437641725
-2391.1927437641725
-2319.1927437641725
-2234.1927437641725
-2160.1927437641725
-2016.1927437641723
-1851.1927437641723
-1785.1927437641723
-1820.1927437641723
-1831.1927437641723
-1719.1927437641723
-1504.1927437641723
-1278.1927437641723
-1127.1927437641723
-1066.1927437641723
-1061.1927437641723
-1090.1927437641723
-1120.1927437641723
-1087.1927437641723
-968.1927437641723
-869.1927437641723
-919.1927437641723
-1091.1927437641723
-1255.1927437641723
-1370.1927437641723
-1433.1927437641723
-1312.1927437641723
-891.1927437641723
-347.19274376417235
-25.192743764172334
-30.192743764172334
-189.19274376417235
-304.19274376417235
-249.19274376417235
45.807256235827666
439.80725623582765
591.8072562358277
338.80725623582765
-69.19274376417233
-290.19274376417235
-243.19274376417235
-62.192743764172334
80.80725623582767
38.807256235827666
-221.19274376417235
-532.1927437641723
-656.1927437641723
-505.19274376417235
-130.19274376417235
414.80725623582765
1063.8072562358277
1664.8072562358277
2038.8072562358277
2094.8072562358275
1869.8072562358277
1557.8072562358277
1448.8072562358277
1704.8072562358277
2153.8072562358275
2412.8072562358275
2301.8072562358275
2040.8072562358277
1972.8072562358277
2169.8072562358275
2456.8072562358275
2685.8072562358275
2811.8072562358275
2752.8072562358275
2447.8072562358275
2027.8072562358277
1733.8072562358277
1655.8072562358277
1675.8072562358277
1656.8072562358277
1541.8072562358277
1336.8072562358277
1099.8072562358277
901.8072562358277
750.8072562358277
613.8072562358277
522.8072562358277
536.8072562358277
623.8072562358277
695.8072562358277
778.8072562358277
968.8072562358277
1224.8072562358277
1354.8072562358277
1295.8072562358277
1184.8072562358277
1113.8072562358277
1019.8072562358277
896.8072562358277
836.8072562358277
812.8072562358277
700.8072562358277
555.8072562358277
528.8072562358277
549.8072562358277
446.80725623582765
293.80725623582765
264.80725623582765
308.80725623582765
332.80725623582765
466.80725623582765
773.8072562358277
1023.8072562358277
1079.8072562358277
1135.8072562358277
1317.8072562358277
1468.8072562358277
1468.8072562358277
1376.8072562358277
1223.8072562358277
1035.8072562358277
973.8072562358277
1091.8072562358277
1173.8072562358277
1066.8072562358277
905.8072562358277
829.8072562358277
813.8072562358277
861.8072562358277
983.8072562358277
1015.8072562358277
842.8072562358277
702.8072562358277
847.8072562358277
1136.8072562358277
1275.8072562358277
1237.8072562358277
1141.8072562358277
1012.8072562358277
882.8072562358277
877.8072562358277
1033.8072562358277
1283.8072562358277
1623.8072562358277
2068.8072562358275
2458.8072562358275
2603.8072562358275
2542.8072562358275
2464.8072562358275
2499.8072562358275
2710.8072562358275
3099.8072562358275
3485.8072562358275
3618.8072562358275
3511.8072562358275
3419.8072562358275
3447.8072562358275
3459.8072562358275
3372.8072562358275
3260.8072562358275
3197.8072562358275
3226.8072562358275
3378.8072562358275
3560.8072562358275
3617.8072562358275
3610.8072562358275
3730.8072562358275
3878.8072562358275
3747.8072562358275
3379.8072562358275
3147.8072562358275
3177.8072562358275
3248.8072562358275
3233.8072562358275
3183.8072562358275
3086.8072562358275
2925.8072562358275
2788.8072562358275
2663.8072562358275
2389.8072562358275
1995.8072562358277
1716.8072562358277
1601.8072562358277
1517.8072562358277
1516.8072562358277
1720.8072562358277
1968.8072562358277
2015.8072562358277
1929.8072562358277
1871.8072562358277
1741.8072562358277
1406.8072562358277
991.8072562358277
645.8072562358277
354.80725623582765
160.80725623582765
186.80725623582765
316.80725623582765
259.80725623582765
-12.192743764172336
-272.19274376417235
-455.19274376417235
-655.1927437641723
-821.1927437641723
-890.1927437641723
-1034.1927437641723
-1384.1927437641723
-1681.1927437641723
-1641.1927437641723
-1420.1927437641723
-1364.1927437641723
-1543.1927437641723
-1839.1927437641723
-2164.1927437641725
-2352.1927437641725
-2209.1927437641725
-1866.1927437641723
-1676.1927437641723
-1696.1927437641723
-1695.1927437641723
-1650.1927437641723
-1722.1927437641723
-1828.1927437641723
-1760.1927437641723
-1631.1927437641723
-1706.1927437641723
-1933.1927437641723
-2068.1927437641725
-2071.1927437641725
-2057.1927437641725
-2070.1927437641725
-2118.1927437641725
-2247.1927437641725
-2435.1927437641725
-2609.1927437641725
-2763.1927437641725
-2920.1927437641725
-3047.1927437641725
-3140.1927437641725
-3246.1927437641725
-3312.1927437641725
-3200.1927437641725
-2916.1927437641725
-2655.1927437641725
-2566.1927437641725
-2650.1927437641725
-2832.1927437641725
-3027.1927437641725
-3163.1927437641725
-3200.1927437641725
-3146.1927437641725
-3043.1927437641725
-3005.1927437641725
-3160.1927437641725
-3471.1927437641725
-3740.1927437641725
-3836.1927437641725
-3832.1927437641725
-3865.1927437641725
-3972.1927437641725
-4092.1927437641725
-4124.1927437641725
-4011.1927437641725
-3840.1927437641725
-3787.1927437641725
-3902.1927437641725
-4012.1927437641725
-3955.1927437641725
-3775.1927437641725
-3625.1927437641725
-3549.1927437641725
-3482.1927437641725
-3380.1927437641725
-3243.1927437641725
-3093.1927437641725
-2989.1927437641725
-2988.1927437641725
-3055.1927437641725
-3090.1927437641725
-3080.1927437641725
-3062.1927437641725
-2983.1927437641725
-2779.1927437641725
-2585.1927437641725
-2597.1927437641725
-2750.1927437641725
-2826.1927437641725
-2849.1927437641725
-3032.1927437641725
-3355.1927437641725
-3571.1927437641725
-3628.1927437641725
-3732.1927437641725
-3943.1927437641725
-4038.1927437641725
-3848.1927437641725
-3509.1927437641725
-3288.1927437641725
-3319.1927437641725
-3533.1927437641725
-3713.1927437641725
-3640.1927437641725
-3299.1927437641725
-2918.1927437641725
-2716.1927437641725
-2633.1927437641725
-2437.1927437641725
-2066.1927437641725
-1704.1927437641723
-1549.1927437641723
-1611.1927437641723
-1724.1927437641723
-1647.1927437641723
-1234.1927437641723
-624.1927437641723
-143.19274376417235
58.807256235827666
153.80725623582765
343.80725623582765
616.8072562358277
859.8072562358277
1025.8072562358277
1126.8072562358277
1222.8072562358277
1422.8072562358277
1750.8072562358277
2049.8072562358275
2183.8072562358275
2243.8072562358275
2402.8072562358275
2650.8072562358275
2831.8072562358275
2868.8072562358275
2827.8072562358275
2793.8072562358275
2808.8072562358275
2906.8072562358275
3141.8072562358275
3538.8072562358275
4028.8072562358275
4460.8072562358275
4679.8072562358275
4627.8072562358275
4410.8072562358275
4239.8072562358275
4257.8072562358275
4416.8072562358275
4599.8072562358275
4737.8072562358275
4737.8072562358275
4512.8072562358275
4204.8072562358275
4126.8072562358275
4324.8072562358275
4484.8072562358275
4407.8072562358275
4251.8072562358275
4160.8072562358275
4074.8072562358275
3973.8072562358275
3958.8072562358275
4033.8072562358275
4118.8072562358275
4230.8072562358275
4364.8072562358275
4362.8072562358275
4152.8072562358275
3932.8072562358275
3888.8072562358275
3978.8072562358275
4117.8072562358275
4286.8072562358275
4384.8072562358275
4283.8072562358275
4063.8072562358275
3953.8072562358275
4034.8072562358275
4179.8072562358275
4230.8072562358275
4086.8072562358275
3758.8072562358275
3402.8072562358275
3186.8072562358275
3101.8072562358275
3056.8072562358275
3072.8072562358275
3192.8072562358275
3264.8072562358275
3094.8072562358275
2734.8072562358275
2425.8072562358275
2297.8072562358275
2299.8072562358275
2356.8072562358275
2401.8072562358275
2345.8072562358275
2170.8072562358275
1991.8072562358277
1916.8072562358277
1923.8072562358277
1942.8072562358277
1950.8072562358277
1912.8072562358277
1772.8072562358277
1556.8072562358277
1390.8072562358277
1382.8072562358277
1539.8072562358277
1769.8072562358277
1907.8072562358277
1826.8072562358277
1564.8072562358277
1265.8072562358277
1010.8072562358277
842.8072562358277
849.8072562358277
1034.8072562358277
1209.8072562358277
1208.8072562358277
1102.8072562358277
1058.8072562358277
1135.8072562358277
1313.8072562358277
1503.8072562358277
1524.8072562358277
1289.8072562358277
993.8072562358277
875.8072562358277
908.8072562358277
937.8072562358277
949.8072562358277
970.8072562358277
920.8072562358277
786.8072562358277
716.8072562358277
749.8072562358277
715.8072562358277
532.8072562358277
338.80725623582765
261.80725623582765
289.80725623582765
407.80725623582765
602.8072562358277
734.8072562358277
675.8072562358277
507.80725623582765
354.80725623582765
136.80725623582765
-220.19274376417235
-508.19274376417235
-507.19274376417235
-359.19274376417235
-350.19274376417235
-478.19274376417235
-563.1927437641723
-580.1927437641723
-609.1927437641723
-635.1927437641723
-625.1927437641723
-602.1927437641723
-514.1927437641723
-314.19274376417235
-179.19274376417235
-303.19274376417235
-527.1927437641723
-564.1927437641723
-471.19274376417235
-501.19274376417235
-670.1927437641723
-859.1927437641723
-1096.1927437641723
-1392.1927437641723
-1549.1927437641723
-1437.1927437641723
-1213.1927437641723
-1078.1927437641723
-1090.1927437641723
-1275.1927437641723
-1634.1927437641723
-2017.1927437641723
-2254.1927437641725
-2372.1927437641725
-2504.1927437641725
-2681.1927437641725
-2862.1927437641725
-3044.1927437641725
-3229.1927437641725
-3391.1927437641725
-3520.1927437641725
-3648.1927437641725
-3819.1927437641725
-4051.1927437641725
-4291.1927437641725
-4412.1927437641725
-4329.1927437641725
-4089.1927437641725
-3797.1927437641725
-3527.1927437641725
-3327.1927437641725
-3222.1927437641725
-3188.1927437641725
-3191.1927437641725
-3245.1927437641725
-3362.1927437641725
-3513.1927437641725
-3651.1927437641725
-3728.1927437641725
-3679.1927437641725
-3487.1927437641725
-3244.1927437641725
-3058.1927437641725
-2925.1927437641725
-2788.1927437641725
-2659.1927437641725
-2606.1927437641725
-2644.1927437641725
-2732.1927437641725
-2839.1927437641725
-2952.1927437641725
-3038.1927437641725
-3061.1927437641725
-3054.1927437641725
-3132.1927437641725
-3376.1927437641725
-3715.1927437641725
-3954.1927437641725
-3956.1927437641725
-3765.1927437641725
-3542.1927437641725
-3379.1927437641725
-3222.1927437641725
-2996.1927437641725
-2756.1927437641725
-2637.1927437641725
-2674.1927437641725
-2765.1927437641725
-2820.1927437641725
-2839.1927437641725
-2838.1927437641725
-2787.1927437641725
-2690.1927437641725
-2626.1927437641725
-2677.1927437641725
-2832.1927437641725
-2990.1927437641725
-3044.1927437641725
-2952.1927437641725
-2744.1927437641725
-2511.1927437641725
-2376.1927437641725
-2380.1927437641725
-2377.1927437641725
-2203.1927437641725
-1940.1927437641723
-1827.1927437641723
-1894.1927437641723
-1932.1927437641723
-1833.1927437641723
-1705.1927437641723
-1615.1927437641723
-1495.1927437641723
-1329.1927437641723
-1223.1927437641723
-1248.1927437641723
-1349.1927437641723
-1401.1927437641723
-1310.1927437641723
-1108.1927437641723
-944.1927437641723
-918.1927437641723
-972.1927437641723
-1012.1927437641723
-1021.1927437641723
-993.1927437641723
-887.1927437641723
-759.1927437641723
-787.1927437641723
-1044.1927437641723
-1348.1927437641723
-1418.1927437641723
-1149.1927437641723
-717.1927437641723
-393.19274376417235
-283.19274376417235
-255.19274376417235
-123.19274376417233
172.80725623582765
561.8072562358277
952.8072562358277
1298.8072562358277
1608.8072562358277
1871.8072562358277
2029.8072562358277
2075.8072562358275
2119.8072562358275
2250.8072562358275
2392.8072562358275
2421.8072562358275
2319.8072562358275
2140.8072562358275
1960.8072562358277
1908.8072562358277
2061.8072562358275
2307.8072562358275
2464.8072562358275
2507.8072562358275
2500.8072562358275
2450.8072562358275
2376.8072562358275
2358.8072562358275
2391.8072562358275
2372.8072562358275
2335.8072562358275
2413.8072562358275
2539.8072562358275
2453.8072562358275
2116.8072562358275
1818.8072562358277
1829.8072562358277
2101.8072562358275
2357.8072562358275
2342.8072562358275
2016.8072562358277
1593.8072562358277
1359.8072562358277
1419.8072562358277
1640.8072562358277
1840.8072562358277
1942.8072562358277
1947.8072562358277
1873.8072562358277
1745.8072562358277
1582.8072562358277
1379.8072562358277
1152.8072562358277
990.8072562358277
996.8072562358277
1151.8072562358277
1327.8072562358277
1441.8072562358277
1534.8072562358277
1674.8072562358277
1865.8072562358277
2020.8072562358277
2032.8072562358277
1907.8072562358277
1814.8072562358277
1894.8072562358277
2032.8072562358277
1998.8072562358277
1784.8072562358277
1603.8072562358277
1543.8072562358277
1473.8072562358277
1279.8072562358277
1037.8072562358277
879.8072562358277
854.8072562358277
923.8072562358277
1027.8072562358277
1134.8072562358277
1229.8072562358277
1280.8072562358277
1273.8072562358277
1264.8072562358277
1289.8072562358277
1270.8072562358277
1142.8072562358277
1028.8072562358277
1102.8072562358277
1335.8072562358277
1548.8072562358277
1653.8072562358277
1697.8072562358277
1747.8072562358277
1862.8072562358277
2071.8072562358275
2301.8072562358275
2412.8072562358275
2387.8072562358275
2366.8072562358275
2454.8072562358275
2631.8072562358275
2845.8072562358275
3061.8072562358275
3197.8072562358275
3182.8072562358275
3079.8072562358275
3026.8072562358275
3058.8072562358275
3134.8072562358275
3289.8072562358275
3531.8072562358275
3694.8072562358275
3605.8072562358275
3361.8072562358275
3188.8072562358275
3144.8072562358275
3176.8072562358275
3317.8072562358275
3541.8072562358275
3643.8072562358275
3507.8072562358275
3285.8072562358275
3141.8072562358275
3055.8072562358275
2986.8072562358275
2954.8072562358275
2908.8072562358275
2768.8072562358275
2588.8072562358275
2444.8072562358275
2298.8072562358275
2168.8072562358275
2205.8072562358275
2409.8072562358275
2531.8072562358275
2407.8072562358275
2123.8072562358275
1812.8072562358277
1552.8072562358277
1439.8072562358277
1483.8072562358277
1508.8072562358277
1366.8072562358277
1113.8072562358277
838.8072562358277
513.8072562358277
144.80725623582765
-159.19274376417235
-348.19274376417235
-502.19274376417235
-685.1927437641723
-868.1927437641723
-991.1927437641723
-1038.1927437641723
-1062.1927437641723
-1155.1927437641723
-1316.1927437641723
-1427.1927437641723
-1439.1927437641723
-1478.1927437641723
-1659.1927437641723
-1864.1927437641723
-1868.1927437641723
-1621.1927437641723
-1335.1927437641723
-1266.1927437641723
-1491.1927437641723
-1871.1927437641723
-2200.1927437641725
-2385.1927437641725
-2457.1927437641725
-2471.1927437641725
-2459.1927437641725
-2465.1927437641725
-2539.1927437641725
-2657.1927437641725
-2720.1927437641725
-2669.1927437641725
-2580.1927437641725
-2586.1927437641725
-2731.1927437641725
-2934.1927437641725
-3090.1927437641725
-3137.1927437641725
-3078.1927437641725
-2976.1927437641725
-2918.1927437641725
-2939.1927437641725
-2982.1927437641725
-2978.1927437641725
-2912.1927437641725
-2810.1927437641725
-2713.1927437641725
-2684.1927437641725
-2777.1927437641725
-2972.1927437641725
-3160.1927437641725
-3223.1927437641725
-3136.1927437641725
-2996.1927437641725
-2942.1927437641725
-3047.1927437641725
-3300.1927437641725
-3622.1927437641725
-3893.1927437641725
-4031.1927437641725
-4076.1927437641725
-4141.1927437641725
-4258.1927437641725
-4345.1927437641725
-4324.1927437641725
-4200.1927437641725
-4032.1927437641725
-3907.1927437641725
-3877.1927437641725
-3888.1927437641725
-3844.1927437641725
-3748.1927437641725
-3672.1927437641725
-3595.1927437641725
-3450.1927437641725
-3257.1927437641725
-3073.1927437641725
-2905.1927437641725
-2803.1927437641725
-2878.1927437641725
-3107.1927437641725
-3290.1927437641725
-3300.1927437641725
-3212.1927437641725
-3126.1927437641725
-3060.1927437641725
-3033.1927437641725
-3079.1927437641725
-3157.1927437641725
-3185.1927437641725
-3153.1927437641725
-3129.1927437641725
-3194.1927437641725
-3407.1927437641725
-3758.1927437641725
-4108.1927437641725
-4261.1927437641725
-4134.1927437641725
-3834.1927437641725
-3582.1927437641725
-3551.1927437641725
-3745.1927437641725
-3982.1927437641725
-4042.1927437641725
-3867.1927437641725
-3608.1927437641725
-3417.1927437641725
-3243.1927437641725
-2953.1927437641725
-2579.1927437641725
-2283.1927437641725
-2103.1927437641725
-1951.1927437641723
-1822.1927437641723
-1770.1927437641723
-1708.1927437641723
-1499.1927437641723
-1183.1927437641723
-895.1927437641723
-663.1927437641723
-450.19274376417235
-256.19274376417235
-43.192743764172334
232.80725623582765
457.80725623582765
479.80725623582765
406.80725623582765
475.80725623582765
695.8072562358277
918.8072562358277
1151.8072562358277
1504.8072562358277
1923.8072562358277
2274.8072562358275
2548.8072562358275
2803.8072562358275
3037.8072562358275
3242.8072562358275
3413.8072562358275
3517.8072562358275
3581.8072562358275
3753.8072562358275
4098.8072562358275
4438.8072562358275
4580.8072562358275
4575.8072562358275
4592.8072562358275
4660.8072562358275
4697.8072562358275
4700.8072562358275
4758.8072562358275
4902.8072562358275
5035.8072562358275
5030.8072562358275
4872.8072562358275
4704.8072562358275
4684.8072562358275
4796.8072562358275
4864.8072562358275
4783.8072562358275
4635.8072562358275
4544.8072562358275
4544.8072562358275
4631.8072562358275
4814.8072562358275
5005.8072562358275
5027.8072562358275
4850.8072562358275
4688.8072562358275
4738.8072562358275
4925.8072562358275
5029.8072562358275
4947.8072562358275
4777.8072562358275
4720.8072562358275
4883.8072562358275
5125.8072562358275
5168.8072562358275
4915.8072562358275
4537.8072562358275
4218.8072562358275
3952.8072562358275
3680.8072562358275
3446.8072562358275
3344.8072562358275
3411.8072562358275
3583.8072562358275
3721.8072562358275
3738.8072562358275
3710.8072562358275
3744.8072562358275
3745.8072562358275
3525.8072562358275
3091.8072562358275
2656.8072562358275
2365.8072562358275
2234.8072562358275
2284.8072562358275
2496.8072562358275
2660.8072562358275
2518.8072562358275
2097.8072562358275
1718.8072562358277
1619.8072562358277
1740.8072562358277
1884.8072562358277
1936.8072562358277
1884.8072562358277
1772.8072562358277
1666.8072562358277
1589.8072562358277
1495.8072562358277
1388.8072562358277
1346.8072562358277
1350.8072562358277
1242.8072562358277
983.8072562358277
747.8072562358277
658.8072562358277
657.8072562358277
708.8072562358277
837.8072562358277
939.8072562358277
844.8072562358277
620.8072562358277
510.80725623582765
609.8072562358277
824.8072562358277
1053.8072562358277
1227.8072562358277
1279.8072562358277
1223.8072562358277
1114.8072562358277
931.8072562358277
682.8072562358277
516.8072562358277
525.8072562358277
566.8072562358277
476.80725623582765
321.80725623582765
246.80725623582765
309.80725623582765
515.8072562358277
800.8072562358277
964.8072562358277
831.8072562358277
498.80725623582765
205.80725623582765
45.807256235827666
-37.192743764172334
-96.19274376417233
-160.19274376417235
-280.19274376417235
-469.19274376417235
-682.1927437641723
-883.1927437641723
-1058.1927437641723
-1160.1927437641723
-1135.1927437641723
-972.1927437641723
-708.1927437641723
-412.19274376417235
-189.19274376417235
-113.19274376417233
-163.19274376417235
-245.19274376417235
-300.19274376417235
-346.19274376417235
-405.19274376417235
-468.19274376417235
-506.19274376417235
-517.1927437641723
-529.1927437641723
-574.1927437641723
-676.1927437641723
-824.1927437641723
-970.1927437641723
-1060.1927437641723
-1091.1927437641723
-1103.1927437641723
-1151.1927437641723
-1275.1927437641723
-1489.1927437641723
-1745.1927437641723
-1951.1927437641723
-2062.1927437641725
-2120.1927437641725
-2213.1927437641725
-2424.1927437641725
-2779.1927437641725
-3201.1927437641725
-3535.1927437641725
-3679.1927437641725
-3661.1927437641725
-3559.1927437641725
-3426.1927437641725
-3296.1927437641725
-3204.1927437641725
-3162.1927437641725
-3148.1927437641725
-3113.1927437641725
-3023.1927437641725
-2914.1927437641725
-2871.1927437641725
-2913.1927437641725
-2961.1927437641725
-2954.1927437641725
-2928.1927437641725
-2945.1927437641725
-3031.1927437641725
-3195.1927437641725
-3409.1927437641725
-3600.1927437641725
-3708.1927437641725
-3726.1927437641725
-3630.1927437641725
-3407.1927437641725
-3153.1927437641725
-3027.1927437641725
-3081.1927437641725
-3228.1927437641725
-3355.1927437641725
-3388.1927437641725
-3311.1927437641725
-3197.1927437641725
-3159.1927437641725
-3228.1927437641725
-3342.1927437641725
-3428.1927437641725
-3437.1927437641725
-3336.1927437641725
-3174.1927437641725
-3069.1927437641725
-3090.1927437641725
-3196.1927437641725
-3315.1927437641725
-3401.1927437641725
-3417.1927437641725
-3344.1927437641725
-3233.1927437641725
-3179.1927437641725
-3226.1927437641725
-3337.1927437641725
-3461.1927437641725
-3588.1927437641725
-3713.1927437641725
-3777.1927437641725
-3732.1927437641725
-3619.1927437641725
-3531.1927437641725
-3491.1927437641725
-3443.1927437641725
-3341.1927437641725
-3159.1927437641725
-2878.1927437641725
-2524.1927437641725
-2172.1927437641725
-1891.1927437641723
-1726.1927437641723
-1705.1927437641723
-1774.1927437641723
-1811.1927437641723
-1791.1927437641723
-1807.1927437641723
-1884.1927437641723
-1938.1927437641723
-1982.1927437641723
-2105.1927437641725
-2242.1927437641725
-2226.1927437641725
-2075.1927437641725
-1965.1927437641723
-1950.1927437641723
-1945.1927437641723
-1906.1927437641723
-1828.1927437641723
-1664.1927437641723
-1428.1927437641723
-1251.1927437641723
-1235.1927437641723
-1329.1927437641723
-1398.1927437641723
-1325.1927437641723
-1087.1927437641723
-798.1927437641723
-602.1927437641723
-490.19274376417235
-319.19274376417235
-31.192743764172334
278.80725623582765
526.8072562358277
739.8072562358277
955.8072562358277
1141.8072562358277
1230.8072562358277
1209.8072562358277
1152.8072562358277
1167.8072562358277
1289.8072562358277
1448.8072562358277
1569.8072562358277
1675.8072562358277
1832.8072562358277
2030.8072562358277
2183.8072562358275
2236.8072562358275
2231.8072562358275
2245.8072562358275
2313.8072562358275
2436.8072562358275
2596.8072562358275
2743.8072562358275
2825.8072562358275
2839.8072562358275
2814.8072562358275
2771.8072562358275
2715.8072562358275
2649.8072562358275
2546.8072562358275
2374.8072562358275
2219.8072562358275
2223.8072562358275
2375.8072562358275
2463.8072562358275
2340.8072562358275
2106.8072562358275
1953.8072562358277
1928.8072562358277
1944.8072562358277
1936.8072562358277
1931.8072562358277
1955.8072562358277
1954.8072562358277
1871.8072562358277
1764.8072562358277
1755.8072562358277
1852.8072562358277
1907.8072562358277
1829.8072562358277
1712.8072562358277
1716.8072562358277
1854.8072562358277
1989.8072562358277
2003.8072562358277
1920.8072562358277
1840.8072562358277
1813.8072562358277
1851.8072562358277
1974.8072562358277
2153.8072562358275
2265.8072562358275
2204.8072562358275
2014.8072562358277
1822.8072562358277
1710.8072562358277
1704.8072562358277
1741.8072562358277
1683.8072562358277
1492.8072562358277
1349.8072562358277
1393.8072562358277
1506.8072562358277
1527.8072562358277
1510.8072562358277
1535.8072562358277
1492.8072562358277
1290.8072562358277
1065.8072562358277
997.8072562358277
1089.8072562358277
1225.8072562358277
1308.8072562358277
1297.8072562358277
1274.8072562358277
1389.8072562358277
1639.8072562358277
1810.8072562358277
1762.8072562358277
1612.8072562358277
1564.8072562358277
1691.8072562358277
1939.8072562358277
2216.8072562358275
2443.8072562358275
2617.8072562358275
2814.8072562358275
3085.8072562358275
3367.8072562358275
3525.8072562358275
3469.8072562358275
3241.8072562358275
3033.8072562358275
3054.8072562358275
3322.8072562358275
3640.8072562358275
3799.8072562358275
3771.8072562358275
3647.8072562358275
3480.8072562358275
3272.8072562358275
3073.8072562358275
3007.8072562358275
3130.8072562358275
3339.8072562358275
3487.8072562358275
3527.8072562358275
3505.8072562358275
3481.8072562358275
3514.8072562358275
3612.8072562358275
3684.8072562358275
3630.8072562358275
3482.8072562358275
3368.8072562358275
3343.8072562358275
3375.8072562358275
3416.8072562358275
3418.8072562358275
3327.8072562358275
3146.8072562358275
2943.8072562358275
2747.8072562358275
2501.8072562358275
2165.8072562358275
1808.8072562358277
1560.8072562358277
1503.8072562358277
1575.8072562358277
1608.8072562358277
1480.8072562358277
1221.8072562358277
927.8072562358277
646.8072562358277
379.80725623582765
150.80725623582765
-14.192743764172336
-136.19274376417235
-258.19274376417235
-401.19274376417235
-551.1927437641723
-675.1927437641723
-719.1927437641723
-655.1927437641723
-549.1927437641723
-549.1927437641723
-742.1927437641723
-1050.1927437641723
-1301.1927437641723
-1386.1927437641723
-1312.1927437641723
-1171.1927437641723
-1114.1927437641723
-1270.1927437641723
-1612.1927437641723
-1963.1927437641723
-2194.1927437641725
-2326.1927437641725
-2411.1927437641725
-2458.1927437641725
-2486.1927437641725
-2520.1927437641725
-2545.1927437641725
-2556.1927437641725
-2587.1927437641725
-2615.1927437641725
-2558.1927437641725
-2449.1927437641725
-2458.1927437641725
-2657.1927437641725
-2905.1927437641725
-3030.1927437641725
-2996.1927437641725
-2854.1927437641725
-2688.1927437641725
-2592.1927437641725
-2627.1927437641725
-2778.1927437641725
-2990.1927437641725
-3196.1927437641725
-3306.1927437641725
-3273.1927437641725
-3164.1927437641725
-3113.1927437641725
-3172.1927437641725
-3299.1927437641725
-3444.1927437641725
-3601.1927437641725
-3756.1927437641725
-3873.1927437641725
-3953.1927437641725
-4047.1927437641725
-4153.1927437641725
-4193.1927437641725
-4129.1927437641725
-4041.1927437641725
-4011.1927437641725
-4042.1927437641725
-4150.1927437641725
-4359.1927437641725
-4560.1927437641725
-4569.1927437641725
-4372.1927437641725
-4125.1927437641725
-3912.1927437641725
-3698.1927437641725
-3486.1927437641725
-3320.1927437641725
-3175.1927437641725
-3039.1927437641725
-2990.1927437641725
-3054.1927437641725
-3132.1927437641725
-3153.1927437641725
-3150.1927437641725
-3144.1927437641725
-3111.1927437641725
-3061.1927437641725
-3019.1927437641725
-2999.1927437641725
-3065.1927437641725
-3310.1927437641725
-3671.1927437641725
-3951.1927437641725
-4066.1927437641725
-4133.1927437641725
-4252.1927437641725
-4370.1927437641725
-4406.1927437641725
-4353.1927437641725
-4242.1927437641725
-4082.1927437641725
-3891.1927437641725
-3737.1927437641725
-3702.1927437641725
-3786.1927437641725
-3869.1927437641725
-3820.1927437641725
-3622.1927437641725
-3360.1927437641725
-3133.1927437641725
-2998.1927437641725
-2962.1927437641725
-2965.1927437641725
-2903.1927437641725
-2711.1927437641725
-2400.1927437641725
-2034.1927437641723
-1700.1927437641723
-1478.1927437641723
-1394.1927437641723
-1400.1927437641723
-1429.1927437641723
-1424.1927437641723
-1335.1927437641723
-1135.1927437641723
-868.1927437641723
-622.1927437641723
-445.19274376417235
-289.19274376417235
-74.19274376417233
241.80725623582765
645.8072562358277
1101.8072562358277
1537.8072562358277
1865.8072562358277
2069.8072562358275
2231.8072562358275
2436.8072562358275
2673.8072562358275
2900.8072562358275
3131.8072562358275
3390.8072562358275
3646.8072562358275
3850.8072562358275
3996.8072562358275
4111.8072562358275
4215.8072562358275
4308.8072562358275
4360.8072562358275
4367.8072562358275
4393.8072562358275
4524.8072562358275
4757.8072562358275
5006.8072562358275
5185.8072562358275
5261.8072562358275
5266.8072562358275
5270.8072562358275
5310.8072562358275
5346.8072562358275
5333.8072562358275
5305.8072562358275
5312.8072562358275
5337.8072562358275
5320.8072562358275
5241.8072562358275
5135.8072562358275
5065.8072562358275
5089.8072562358275
5209.8072562358275
5401.8072562358275
5633.8072562358275
5828.8072562358275
5870.8072562358275
5768.8072562358275
5697.8072562358275
5743.8072562358275
5761.8072562358275
5612.8072562358275
5365.8072562358275
5133.8072562358275
4915.8072562358275
4695.8072562358275
4526.8072562358275
4445.8072562358275
4435.8072562358275
4477.8072562358275
4503.8072562358275
4398.8072562358275
4166.8072562358275
3971.8072562358275
3908.8072562358275
3875.8072562358275
3756.8072562358275
3590.8072562358275
3457.8072562358275
3350.8072562358275
3214.8072562358275
3037.8072562358275
2845.8072562358275
2651.8072562358275
2444.8072562358275
2237.8072562358275
2090.8072562358275
2042.8072562358277
2049.8072562358275
2018.8072562358277
1925.8072562358277
1831.8072562358277
1802.8072562358277
1816.8072562358277
1779.8072562358277
1622.8072562358277
1378.8072562358277
1146.8072562358277
964.8072562358277
792.8072562358277
614.8072562358277
466.80725623582765
367.80725623582765
292.80725623582765
229.80725623582765
195.80725623582765
212.80725623582765
280.80725623582765
345.80725623582765
351.80725623582765
335.80725623582765
426.80725623582765
668.8072562358277
931.8072562358277
1058.8072562358277
1023.8072562358277
883.8072562358277
688.8072562358277
478.80725623582765
314.80725623582765
231.80725623582765
208.80725623582765
196.80725623582765
171.80725623582765
145.80725623582765
139.80725623582765
149.80725623582765
156.80725623582765
152.80725623582765
120.80725623582767
24.807256235827666
-117.19274376417233
-220.19274376417235
-252.19274376417235
-296.19274376417235
-429.19274376417235
-625.1927437641723
-810.1927437641723
-926.1927437641723
-936.1927437641723
-852.1927437641723
-802.1927437641723
-906.1927437641723
-1089.1927437641723
-1121.1927437641723
-884.1927437641723
-527.1927437641723
-284.19274376417235
-227.19274376417235
-236.19274376417235
-179.19274376417235
-36.192743764172334
125.80725623582767
203.80725623582765
118.80725623582767
-117.19274376417233
-373.19274376417235
-525.1927437641723
-563.1927437641723
-562.1927437641723
-585.1927437641723
-663.1927437641723
-798.1927437641723
-956.1927437641723
-1115.1927437641723
-1297.1927437641723
-1495.1927437641723
-1629.1927437641723
-1662.1927437641723
-1675.1927437641723
-1766.1927437641723
-1929.1927437641723
-2097.1927437641725
-2242.1927437641725
-2385.1927437641725
-2562.1927437641725
-2773.1927437641725
-2953.1927437641725
-3016.1927437641725
-2966.1927437641725
-2888.1927437641725
-2854.1927437641725
-2849.1927437641725
-2807.1927437641725
-2694.1927437641725
-2567.1927437641725
-2542.1927437641725
-2672.1927437641725
-2879.1927437641725
-3058.1927437641725
-3166.1927437641725
-3219.1927437641725
-3265.1927437641725
-3363.1927437641725
-3527.1927437641725
-3704.1927437641725
-3828.1927437641725
-3848.1927437641725
-3723.1927437641725
-3515.1927437641725
-3394.1927437641725
-3428.1927437641725
-3467.1927437641725
-3379.1927437641725
-3244.1927437641725
-3160.1927437641725
-3047.1927437641725
-2847.1927437641725
-2699.1927437641725
-2739.1927437641725
-2908.1927437641725
-3062.1927437641725
-3127.1927437641725
-3112.1927437641725
-3081.1927437641725
-3133.1927437641725
-3291.1927437641725
-3454.1927437641725
-3523.1927437641725
-3522.1927437641725
-3523.1927437641725
-3561.1927437641725
-3634.1927437641725
-3721.1927437641725
-3774.1927437641725
-3770.1927437641725
-3748.1927437641725
-3766.1927437641725
-3831.1927437641725
-3883.1927437641725
-3833.1927437641725
-3627.1927437641725
-3299.1927437641725
-2964.1927437641725
-2736.1927437641725
-2656.1927437641725
-2679.1927437641725
-2720.1927437641725
-2718.1927437641725
-2651.1927437641725
-2504.1927437641725
-2290.1927437641725
-2090.1927437641725
-2010.1927437641723
-2067.1927437641725
-2173.1927437641725
-2243.1927437641725
-2273.1927437641725
-2299.1927437641725
-2340.1927437641725
-2398.1927437641725
-2470.1927437641725
-2541.1927437641725
-2568.1927437641725
-2497.1927437641725
-2315.1927437641725
-2095.1927437641725
-1942.1927437641723
-1897.1927437641723
-1909.1927437641723
-1906.1927437641723
-1875.1927437641723
-1848.1927437641723
-1814.1927437641723
-1699.1927437641723
-1474.1927437641723
-1238.1927437641723
-1119.1927437641723
-1096.1927437641723
-1040.1927437641723
-899.1927437641723
-730.1927437641723
-586.1927437641723
-472.19274376417235
-388.19274376417235
-303.19274376417235
-150.19274376417235
99.80725623582767
386.80725623582765
629.8072562358277
790.8072562358277
873.8072562358277
918.8072562358277
978.8072562358277
1078.8072562358277
1218.8072562358277
1410.8072562358277
1651.8072562358277
1879.8072562358277
2041.8072562358277
2151.8072562358275
2249.8072562358275
2345.8072562358275
2430.8072562358275
2475.8072562358275
2446.8072562358275
2366.8072562358275
2328.8072562358275
2387.8072562358275
2494.8072562358275
2578.8072562358275
2609.8072562358275
2576.8072562358275
2477.8072562358275
2343.8072562358275
2209.8072562358275
2093.8072562358275
2030.8072562358277
2043.8072562358277
2082.8072562358275
2085.8072562358275
2079.8072562358275
2140.8072562358275
2272.8072562358275
2398.8072562358275
2431.8072562358275
2304.8072562358275
2024.8072562358277
1735.8072562358277
1624.8072562358277
1740.8072562358277
1957.8072562358277
2123.8072562358275
2183.8072562358275
2153.8072562358275
2056.8072562358275
1907.8072562358277
1764.8072562358277
1710.8072562358277
1764.8072562358277
1842.8072562358277
1869.8072562358277
1858.8072562358277
1864.8072562358277
1917.8072562358277
2019.8072562358277
2134.8072562358275
2170.8072562358275
2076.8072562358275
1923.8072562358277
1805.8072562358277
1732.8072562358277
1693.8072562358277
1714.8072562358277
1763.8072562358277
1722.8072562358277
1533.8072562358277
1264.8072562358277
1002.8072562358277
790.8072562358277
660.8072562358277
653.8072562358277
762.8072562358277
912.8072562358277
1013.8072562358277
1013.8072562358277
960.8072562358277
976.8072562358277
1136.8072562358277
1374.8072562358277
1553.8072562358277
1611.8072562358277
1615.8072562358277
1669.8072562358277
1806.8072562358277
1979.8072562358277
2135.8072562358275
2275.8072562358275
2396.8072562358275
2461.8072562358275
2454.8072562358275
2427.8072562358275
2441.8072562358275
2508.8072562358275
2615.8072562358275
2759.8072562358275
2935.8072562358275
3110.8072562358275
3215.8072562358275
3200.8072562358275
3108.8072562358275
3051.8072562358275
3076.8072562358275
3102.8072562358275
3088.8072562358275
3134.8072562358275
3337.8072562358275
3621.8072562358275
3821.8072562358275
3887.8072562358275
3899.8072562358275
3928.8072562358275
3967.8072562358275
3990.8072562358275
4000.8072562358275
4010.8072562358275
4023.8072562358275
4050.8072562358275
4094.8072562358275
4103.8072562358275
4020.8072562358275
3874.8072562358275
3752.8072562358275
3658.8072562358275
3523.8072562358275
3329.8072562358275
3122.8072562358275
2899.8072562358275
2623.8072562358275
2353.8072562358275
2209.8072562358275
2218.8072562358275
2285.8072562358275
2286.8072562358275
2152.8072562358275
1890.8072562358277
1586.8072562358277
1344.8072562358277
1206.8072562358277
1140.8072562358277
1069.8072562358277
918.8072562358277
681.8072562358277
452.80725623582765
321.80725623582765
271.80725623582765
208.80725623582765
77.80725623582767
-99.19274376417233
-259.19274376417235
-369.19274376417235
-472.19274376417235
-633.1927437641723
-819.1927437641723
-959.1927437641723
-1070.1927437641723
-1222.1927437641723
-1388.1927437641723
-1478.1927437641723
-1486.1927437641723
-1488.1927437641723
-1528.1927437641723
-1591.1927437641723
-1654.1927437641723
-1690.1927437641723
-1718.1927437641723
-1820.1927437641723
-2027.1927437641723
-2253.1927437641725
-2410.1927437641725
-2494.1927437641725
-2522.1927437641725
-2493.1927437641725
-2459.1927437641725
-2478.1927437641725
-2486.1927437641725
-2369.1927437641725
-2161.1927437641725
-2028.1927437641723
-2079.1927437641725
-2293.1927437641725
-2577.1927437641725
-2803.1927437641725
-2868.1927437641725
-2812.1927437641725
-2810.1927437641725
-2981.1927437641725
-3246.1927437641725
-3436.1927437641725
-3511.1927437641725
-3590.1927437641725
-3756.1927437641725
-3941.1927437641725
-4043.1927437641725
-4077.1927437641725
-4126.1927437641725
-4209.1927437641725
-4293.1927437641725
-4355.1927437641725
-4381.1927437641725
-4338.1927437641725
-4213.1927437641725
-4041.1927437641725
-3872.1927437641725
-3756.1927437641725
-3721.1927437641725
-3725.1927437641725
-3681.1927437641725
-3565.1927437641725
-3430.1927437641725
-3306.1927437641725
-3176.1927437641725
-3069.1927437641725
-3060.1927437641725
-3156.1927437641725
-3231.1927437641725
-3165.1927437641725
-2994.1927437641725
-2885.1927437641725
-2954.1927437641725
-3151.1927437641725
-3334.1927437641725
-3440.1927437641725
-3533.1927437641725
-3707.1927437641725
-3967.1927437641725
-4214.1927437641725
-4347.1927437641725
-4349.1927437641725
-4270.1927437641725
-4143.1927437641725
-3989.1927437641725
-3879.1927437641725
-3880.1927437641725
-3952.1927437641725
-4009.1927437641725
-4032.1927437641725
-4049.1927437641725
-4059.1927437641725
-4046.1927437641725
-4026.1927437641725
-4012.1927437641725
-3995.1927437641725
-3988.1927437641725
-4004.1927437641725
-4008.1927437641725
-3962.1927437641725
-3884.1927437641725
-3790.1927437641725
-3630.1927437641725
-3365.1927437641725
-3057.1927437641725
-2825.1927437641725
-2717.1927437641725
-2653.1927437641725
-2518.1927437641725
-2294.1927437641725
-2074.1927437641725
-1933.1927437641723
-1856.1927437641723
-1804.1927437641723
-1754.1927437641723
-1634.1927437641723
-1371.1927437641723
-1002.1927437641723
-645.1927437641723
-351.19274376417235
-82.19274376417233
202.80725623582765
521.8072562358277
856.8072562358277
1134.8072562358277
1301.8072562358277
1440.8072562358277
1691.8072562358277
2056.8072562358275
2402.8072562358275
2635.8072562358275
2758.8072562358275
2789.8072562358275
2744.8072562358275
2686.8072562358275
2711.8072562358275
2881.8072562358275
3172.8072562358275
3498.8072562358275
3773.8072562358275
3975.8072562358275
4145.8072562358275
4325.8072562358275
4506.8072562358275
4625.8072562358275
4637.8072562358275
4564.8072562358275
4468.8072562358275
4402.8072562358275
4420.8072562358275
4557.8072562358275
4750.8072562358275
4849.8072562358275
4805.8072562358275
4741.8072562358275
4764.8072562358275
4848.8072562358275
4963.8072562358275
5154.8072562358275
5406.8072562358275
5603.8072562358275
5681.8072562358275
5676.8072562358275
5616.8072562358275
5518.8072562358275
5440.8072562358275
5408.8072562358275
5340.8072562358275
5150.8072562358275
4870.8072562358275
4611.8072562358275
4472.8072562358275
4508.8072562358275
4678.8072562358275
4840.8072562358275
4872.8072562358275
4776.8072562358275
4631.8072562358275
4482.8072562358275
4356.8072562358275
4287.8072562358275
4295.8072562358275
4333.8072562358275
4304.8072562358275
4136.8072562358275
3862.8072562358275
3587.8072562358275
3379.8072562358275
3221.8072562358275
3073.8072562358275
2929.8072562358275
2786.8072562358275
2621.8072562358275
2436.8072562358275
2264.8072562358275
2140.8072562358275
2085.8072562358275
2106.8072562358275
2171.8072562358275
2203.8072562358275
2127.8072562358275
1941.8072562358277
1724.8072562358277
1557.8072562358277
1448.8072562358277
1335.8072562358277
1160.8072562358277
931.8072562358277
722.8072562358277
630.8072562358277
699.8072562358277
870.8072562358277
1024.8072562358277
1092.8072562358277
1104.8072562358277
1134.8072562358277
1225.8072562358277
1337.8072562358277
1376.8072562358277
1315.8072562358277
1239.8072562358277
1213.8072562358277
1174.8072562358277
1076.8072562358277
1010.8072562358277
1033.8072562358277
1022.8072562358277
850.8072562358277
590.8072562358277
395.80725623582765
305.80725623582765
288.80725623582765
327.80725623582765
377.80725623582765
371.80725623582765
301.80725623582765
219.80725623582765
137.80725623582765
37.807256235827666
-84.19274376417233
-228.19274376417235
-396.19274376417235
-551.1927437641723
-631.1927437641723
-614.1927437641723
-532.1927437641723
-420.19274376417235
-282.19274376417235
-114.19274376417233
54.807256235827666
161.80725623582765
171.80725623582765
143.80725623582765
167.80725623582765
264.80725623582765
377.80725623582765
448.80725623582765
449.80725623582765
394.80725623582765
342.80725623582765
330.80725623582765
301.80725623582765
169.80725623582765
-60.192743764172334
-316.19274376417235
-549.1927437641723
-725.1927437641723
-811.1927437641723
-809.1927437641723
-769.1927437641723
-729.1927437641723
-712.1927437641723
-761.1927437641723
-897.1927437641723
-1077.1927437641723
-1238.1927437641723
-1357.1927437641723
-1438.1927437641723
-1500.1927437641723
-1584.1927437641723
-1704.1927437641723
-1813.1927437641723
-1863.1927437641723
-1892.1927437641723
-1993.1927437641723
-2203.1927437641725
-2449.1927437641725
-2635.1927437641725
-2733.1927437641725
-2775.1927437641725
-2761.1927437641725
-2688.1927437641725
-2633.1927437641725
-2707.1927437641725
-2906.1927437641725
-3114.1927437641725
-3255.1927437641725
-3327.1927437641725
-3328.1927437641725
-3275.1927437641725
-3216.1927437641725
-3144.1927437641725
-2982.1927437641725
-2746.1927437641725
-2583.1927437641725
-2582.1927437641725
-2669.1927437641725
-2746.1927437641725
-2795.1927437641725
-2825.1927437641725
-2823.1927437641725
-2806.1927437641725
-2819.1927437641725
-2875.1927437641725
-2941.1927437641725
-3000.1927437641725
-3070.1927437641725
-3171.1927437641725
-3299.1927437641725
-3423.1927437641725
-3513.1927437641725
-3554.1927437641725
-3558.1927437641725
-3554.1927437641725
-3553.1927437641725
-3532.1927437641725
-3476.1927437641725
-3418.1927437641725
-3380.1927437641725
-3314.1927437641725
-3194.1927437641725
-3104.1927437641725
-3142.1927437641725
-3272.1927437641725
-3332.1927437641725
-3212.1927437641725
-2951.1927437641725
-2709.1927437641725
-2637.1927437641725
-2733.1927437641725
-2835.1927437641725
-2818.1927437641725
-2715.1927437641725
-2613.1927437641725
-2520.1927437641725
-2421.1927437641725
-2355.1927437641725
-2360.1927437641725
-2415.1927437641725
-2486.1927437641725
-2565.1927437641725
-2649.1927437641725
-2706.1927437641725
-2674.1927437641725
-2524.1927437641725
-2341.1927437641725
-2268.1927437641725
-2336.1927437641725
-2421.1927437641725
-2398.1927437641725
-2288.1927437641725
-2195.1927437641725
-2186.1927437641725
-2239.1927437641725
-2280.1927437641725
-2259.1927437641725
-2217.1927437641725
-2208.1927437641725
-2186.1927437641725
-2084.1927437641725
-1949.1927437641723
-1892.1927437641723
-1911.1927437641723
-1910.1927437641723
-1851.1927437641723
-1768.1927437641723
-1671.1927437641723
-1534.1927437641723
-1365.1927437641723
-1192.1927437641723
-1018.1927437641723
-817.1927437641723
-601.1927437641723
-421.19274376417235
-309.19274376417235
-218.19274376417235
-67.19274376417233
169.80725623582765
442.80725623582765
673.8072562358277
823.8072562358277
933.8072562358277
1087.8072562358277
1306.8072562358277
1477.8072562358277
1482.8072562358277
1363.8072562358277
1258.8072562358277
1236.8072562358277
1283.8072562358277
1373.8072562358277
1477.8072562358277
1562.8072562358277
1634.8072562358277
1711.8072562358277
1771.8072562358277
1802.8072562358277
1856.8072562358277
1927.8072562358277
1908.8072562358277
1752.8072562358277
1585.8072562358277
1538.8072562358277
1588.8072562358277
1651.8072562358277
1707.8072562358277
1747.8072562358277
1716.8072562358277
1583.8072562358277
1406.8072562358277
1298.8072562358277
1317.8072562358277
1422.8072562358277
1522.8072562358277
1568.8072562358277
1588.8072562358277
1640.8072562358277
1734.8072562358277
1830.8072562358277
1874.8072562358277
1852.8072562358277
1812.8072562358277
1820.8072562358277
1896.8072562358277
2003.8072562358277
2065.8072562358275
2013.8072562358277
1850.8072562358277
1686.8072562358277
1625.8072562358277
1648.8072562358277
1653.8072562358277
1598.8072562358277
1515.8072562358277
1427.8072562358277
1341.8072562358277
1280.8072562358277
1267.8072562358277
1281.8072562358277
1270.8072562358277
1196.8072562358277
1059.8072562358277
897.8072562358277
769.8072562358277
715.8072562358277
750.8072562358277
847.8072562358277
949.8072562358277
1010.8072562358277
1059.8072562358277
1149.8072562358277
1262.8072562358277
1309.8072562358277
1245.8072562358277
1128.8072562358277
1067.8072562358277
1119.8072562358277
1242.8072562358277
1357.8072562358277
1453.8072562358277
1580.8072562358277
1735.8072562358277
1842.8072562358277
1867.8072562358277
1848.8072562358277
1809.8072562358277
1748.8072562358277
1708.8072562358277
1747.8072562358277
1855.8072562358277
1989.8072562358277
2144.8072562358275
2313.8072562358275
2445.8072562358275
2513.8072562358275
2577.8072562358275
2714.8072562358275
2934.8072562358275
3182.8072562358275
3395.8072562358275
3530.8072562358275
3569.8072562358275
3527.8072562358275
3469.8072562358275
3485.8072562358275
3602.8072562358275
3741.8072562358275
3819.8072562358275
3834.8072562358275
3817.8072562358275
3763.8072562358275
3685.8072562358275
3657.8072562358275
3723.8072562358275
3837.8072562358275
3917.8072562358275
3902.8072562358275
3773.8072562358275
3596.8072562358275
3506.8072562358275
3548.8072562358275
3615.8072562358275
3586.8072562358275
3457.8072562358275
3291.8072562358275
3129.8072562358275
2993.8072562358275
2879.8072562358275
2732.8072562358275
2499.8072562358275
2199.8072562358275
1915.8072562358277
1714.8072562358277
1617.8072562358277
1607.8072562358277
1649.8072562358277
1694.8072562358277
1692.8072562358277
1589.8072562358277
1354.8072562358277
1008.8072562358277
644.8072562358277
379.80725623582765
258.80725623582765
207.80725623582765
117.80725623582767
-42.192743764172334
-236.19274376417235
-434.19274376417235
-615.1927437641723
-736.1927437641723
-795.1927437641723
-847.1927437641723
-920.1927437641723
-980.1927437641723
-1025.1927437641723
-1086.1927437641723
-1121.1927437641723
-1057.1927437641723
-946.1927437641723
-938.1927437641723
-1091.1927437641723
-1329.1927437641723
-1554.1927437641723
-1690.1927437641723
-1688.1927437641723
-1587.1927437641723
-1503.1927437641723
-1495.1927437641723
-1502.1927437641723
-1468.1927437641723
-1438.1927437641723
-1498.1927437641723
-1655.1927437641723
-1850.1927437641723
-2038.1927437641723
-2218.1927437641725
-2390.1927437641725
-2531.1927437641725
-2644.1927437641725
-2779.1927437641725
-2976.1927437641725
-3220.1927437641725
-3474.1927437641725
-3713.1927437641725
-3890.1927437641725
-3955.1927437641725
-3906.1927437641725
-3806.1927437641725
-3716.1927437641725
-3645.1927437641725
-3566.1927437641725
-3455.1927437641725
-3332.1927437641725
-3251.1927437641725
-3235.1927437641725
-3263.1927437641725
-3317.1927437641725
-3405.1927437641725
-3504.1927437641725
-3549.1927437641725
-3505.1927437641725
-3395.1927437641725
-3271.1927437641725
-3168.1927437641725
-3095.1927437641725
-3030.1927437641725
-2961.1927437641725
-2899.1927437641725
-2844.1927437641725
-2757.1927437641725
-2627.1927437641725
-2519.1927437641725
-2489.1927437641725
-2543.1927437641725
-2657.1927437641725
-2810.1927437641725
-2967.1927437641725
-3105.1927437641725
-3242.1927437641725
-3388.1927437641725
-3518.1927437641725
-3616.1927437641725
-3660.1927437641725
-3600.1927437641725
-3426.1927437641725
-3245.1927437641725
-3189.1927437641725
-3261.1927437641725
-3354.1927437641725
-3403.1927437641725
-3441.1927437641725
-3540.1927437641725
-3719.1927437641725
-3915.1927437641725
-4024.1927437641725
-4017.1927437641725
-3967.1927437641725
-3955.1927437641725
-3968.1927437641725
-3939.1927437641725
-3865.1927437641725
-3804.1927437641725
-3758.1927437641725
-3645.1927437641725
-3436.1927437641725
-3228.1927437641725
-3107.1927437641725
-3007.1927437641725
-2830.1927437641725
-2610.1927437641725
-2439.1927437641725
-2309.1927437641725
-2171.1927437641725
-2054.1927437641725
-2002.1927437641723
-1970.1927437641723
-1872.1927437641723
-1686.1927437641723
-1456.1927437641723
-1241.1927437641723
-1058.1927437641723
-831.1927437641723
-457.19274376417235
26.807256235827666
452.80725623582765
723.8072562358277
904.8072562358277
1072.8072562358277
1213.8072562358277
1299.8072562358277
1351.8072562358277
1398.8072562358277
1460.8072562358277
1557.8072562358277
1711.8072562358277
1902.8072562358277
2090.8072562358275
2255.8072562358275
2412.8072562358275
2577.8072562358275
2759.8072562358275
2971.8072562358275
3219.8072562358275
3472.8072562358275
3683.8072562358275
3854.8072562358275
4022.8072562358275
4163.8072562358275
4198.8072562358275
4107.8072562358275
3975.8072562358275
3884.8072562358275
3830.8072562358275
3790.8072562358275
3788.8072562358275
3881.8072562358275
4101.8072562358275
4402.8072562358275
4655.8072562358275
4759.8072562358275
4753.8072562358275
4740.8072562358275
4747.8072562358275
4732.8072562358275
4705.8072562358275
4718.8072562358275
4780.8072562358275
4846.8072562358275
4875.8072562358275
4845.8072562358275
4749.8072562358275
4602.8072562358275
4443.8072562358275
4322.8072562358275
4270.8072562358275
4268.8072562358275
4250.8072562358275
4196.8072562358275
4159.8072562358275
4188.8072562358275
4255.8072562358275
4298.8072562358275
4273.8072562358275
4153.8072562358275
3942.8072562358275
3695.8072562358275
3470.8072562358275
3277.8072562358275
3103.8072562358275
2951.8072562358275
2833.8072562358275
2752.8072562358275
2689.8072562358275
2597.8072562358275
2443.8072562358275
2262.8072562358275
2129.8072562358275
2071.8072562358275
2057.8072562358275
2060.8072562358275
2083.8072562358275
2091.8072562358275
2012.8072562358277
1802.8072562358277
1510.8072562358277
1241.8072562358277
1066.8072562358277
976.8072562358277
939.8072562358277
941.8072562358277
956.8072562358277
953.8072562358277
975.8072562358277
1103.8072562358277
1315.8072562358277
1470.8072562358277
1479.8072562358277
1376.8072562358277
1236.8072562358277
1121.8072562358277
1082.8072562358277
1102.8072562358277
1083.8072562358277
981.8072562358277
858.8072562358277
765.8072562358277
660.8072562358277
516.8072562358277
380.80725623582765
287.80725623582765
201.80725623582765
89.80725623582767
-25.192743764172334
-100.19274376417233
-117.19274376417233
-90.19274376417233
-56.192743764172334
-57.192743764172334
-110.19274376417233
-180.19274376417235
-209.19274376417235
-164.19274376417235
-80.19274376417233
-21.192743764172334
-18.192743764172334
-47.192743764172334
-61.192743764172334
-30.192743764172334
17.807256235827666
16.807256235827666
-44.192743764172334
-71.19274376417233
20.807256235827666
182.80725623582765
298.80725623582765
325.80725623582765
288.80725623582765
214.80725623582765
128.80725623582765
58.807256235827666
3.807256235827664
-44.192743764172334
-49.192743764172334
-1.1927437641723362
29.807256235827666
6.807256235827664
-1.1927437641723362
79.80725623582767
213.80725623582765
312.80725623582765
331.80725623582765
264.80725623582765
111.80725623582767
-92.19274376417233
-285.19274376417235
-444.19274376417235
-592.1927437641723
-748.1927437641723
-893.1927437641723
-1012.1927437641723
-1126.1927437641723
-1271.1927437641723
-1447.1927437641723
-1625.1927437641723
-1781.1927437641723
-1906.1927437641723
-1983.1927437641723
-2015.1927437641723
-2042.1927437641723
-2081.1927437641725
-2082.1927437641725
-2032.1927437641723
-2007.1927437641723
-2066.1927437641725
-2152.1927437641725
-2181.1927437641725
-2147.1927437641725
-2099.1927437641725
-2064.1927437641725
-2044.1927437641723
-2037.1927437641723
-2030.1927437641723
-2006.1927437641723
-1962.1927437641723
-1935.1927437641723
-2001.1927437641723
-2182.1927437641725
-2385.1927437641725
-2491.1927437641725
-2514.1927437641725
-2569.1927437641725
-2707.1927437641725
-2866.1927437641725
-2975.1927437641725
-3021.1927437641725
-3022.1927437641725
-3001.1927437641725
-2977.1927437641725
-2961.1927437641725
-2977.1927437641725
-3059.1927437641725
-3188.1927437641725
-3277.1927437641725
-3261.1927437641725
-3149.1927437641725
-2995.1927437641725
-2864.1927437641725
-2827.1927437641725
-2895.1927437641725
-2980.1927437641725
-2987.1927437641725
-2917.1927437641725
-2842.1927437641725
-2796.1927437641725
-2759.1927437641725
-2711.1927437641725
-2664.1927437641725
-2659.1927437641725
-2707.1927437641725
-2765.1927437641725
-2777.1927437641725
-2753.1927437641725
-2746.1927437641725
-2767.1927437641725
-2760.1927437641725
-2668.1927437641725
-2509.1927437641725
-2366.1927437641725
-2304.1927437641725
-2309.1927437641725
-2345.1927437641725
-2399.1927437641725
-2435.1927437641725
-2385.1927437641725
-2247.1927437641725
-2113.1927437641725
-2054.1927437641725
-2051.1927437641725
-2085.1927437641725
-2152.1927437641725
-2205.1927437641725
-2203.1927437641725
-2204.1927437641725
-2301.1927437641725
-2477.1927437641725
-2656.1927437641725
-2798.1927437641725
-2869.1927437641725
-2784.1927437641725
-2521.1927437641725
-2207.1927437641725
-2010.1927437641723
-1976.1927437641723
-2023.1927437641723
-2063.1927437641725
-2073.1927437641725
-2065.1927437641725
-2016.1927437641723
-1893.1927437641723
-1707.1927437641723
-1526.1927437641723
-1382.1927437641723
-1228.1927437641723
-1020.1927437641723
-802.1927437641723
-671.1927437641723
-649.1927437641723
-624.1927437641723
-468.19274376417235
-198.19274376417235
61.807256235827666
262.80725623582765
458.80725623582765
664.8072562358277
812.8072562358277
884.8072562358277
938.8072562358277
1012.8072562358277
1095.8072562358277
1181.8072562358277
1280.8072562358277
1389.8072562358277
1482.8072562358277
1518.8072562358277
1456.8072562358277
1313.8072562358277
1182.8072562358277
1124.8072562358277
1091.8072562358277
1028.8072562358277
972.8072562358277
1000.8072562358277
1131.8072562358277
1304.8072562358277
1445.8072562358277
1496.8072562358277
1452.8072562358277
1343.8072562358277
1214.8072562358277
1116.8072562358277
1107.8072562358277
1213.8072562358277
1402.8072562358277
1602.8072562358277
1750.8072562358277
1814.8072562358277
1807.8072562358277
1772.8072562358277
1734.8072562358277
1693.8072562358277
1670.8072562358277
1692.8072562358277
1734.8072562358277
1757.8072562358277
1772.8072562358277
1805.8072562358277
1817.8072562358277
1743.8072562358277
1588.8072562358277
1433.8072562358277
1347.8072562358277
1315.8072562358277
1256.8072562358277
1123.8072562358277
978.8072562358277
931.8072562358277
1011.8072562358277
1146.8072562358277
1244.8072562358277
1264.8072562358277
1219.8072562358277
1156.8072562358277
1112.8072562358277
1092.8072562358277
1109.8072562358277
1187.8072562358277
1300.8072562358277
1378.8072562358277
1383.8072562358277
1329.8072562358277
1229.8072562358277
1094.8072562358277
968.8072562358277
881.8072562358277
813.8072562358277
754.8072562358277
749.8072562358277
822.8072562358277
937.8072562358277
1066.8072562358277
1208.8072562358277
1334.8072562358277
1403.8072562358277
1432.8072562358277
1477.8072562358277
1556.8072562358277
1635.8072562358277
1695.8072562358277
1757.8072562358277
1849.8072562358277
1968.8072562358277
2078.8072562358275
2147.8072562358275
2180.8072562358275
2214.8072562358275
2303.8072562358275
2481.8072562358275
2714.8072562358275
2919.8072562358275
3072.8072562358275
3236.8072562358275
3447.8072562358275
3657.8072562358275
3803.8072562358275
3872.8072562358275
3871.8072562358275
3828.8072562358275
3800.8072562358275
3816.8072562358275
3840.8072562358275
3845.8072562358275
3860.8072562358275
3920.8072562358275
4023.8072562358275
4151.8072562358275
4254.8072562358275
4262.8072562358275
4174.8072562358275
4081.8072562358275
4040.8072562358275
4008.8072562358275
3942.8072562358275
3880.8072562358275
3851.8072562358275
3812.8072562358275
3711.8072562358275
3564.8072562358275
3429.8072562358275
3334.8072562358275
3257.8072562358275
3152.8072562358275
3006.8072562358275
2843.8072562358275
2704.8072562358275
2616.8072562358275
2584.8072562358275
2581.8072562358275
2550.8072562358275
2449.8072562358275
2267.8072562358275
2025.8072562358277
1757.8072562358277
1484.8072562358277
1168.8072562358277
772.8072562358277
362.80725623582765
61.807256235827666
-105.19274376417233
-225.19274376417235
-338.19274376417235
-391.19274376417235
-344.19274376417235
-232.19274376417235
-117.19274376417233
-51.192743764172334
-62.192743764172334
-150.19274376417235
-277.19274376417235
-398.19274376417235
-472.19274376417235
-477.19274376417235
-418.19274376417235
-346.19274376417235
-341.19274376417235
-480.19274376417235
-767.1927437641723
-1085.1927437641723
-1272.1927437641723
-1290.1927437641723
-1239.1927437641723
-1227.1927437641723
-1290.1927437641723
-1426.1927437641723
-1593.1927437641723
-1711.1927437641723
-1752.1927437641723
-1791.1927437641723
-1930.1927437641723
-2177.1927437641725
-2457.1927437641725
-2693.1927437641725
-2869.1927437641725
-3012.1927437641725
-3131.1927437641725
-3194.1927437641725
-3197.1927437641725
-3209.1927437641725
-3287.1927437641725
-3389.1927437641725
-3435.1927437641725
-3415.1927437641725
-3380.1927437641725
-3360.1927437641725
-3333.1927437641725
-3268.1927437641725
-3181.1927437641725
-3130.1927437641725
-3159.1927437641725
-3264.1927437641725
-3416.1927437641725
-3581.1927437641725
-3708.1927437641725
-3750.1927437641725
-3731.1927437641725
-3708.1927437641725
-3694.1927437641725
-3639.1927437641725
-3511.1927437641725
-3333.1927437641725
-3155.1927437641725
-3032.1927437641725
-2974.1927437641725
-2933.1927437641725
-2881.1927437641725
-2871.1927437641725
-2942.1927437641725
-3038.1927437641725
-3096.1927437641725
-3138.1927437641725
-3213.1927437641725
-3317.1927437641725
-3436.1927437641725
-3571.1927437641725
-3674.1927437641725
-3675.1927437641725
-3593.1927437641725
-3543.1927437641725
-3599.1927437641725
-3702.1927437641725
-3749.1927437641725
-3726.1927437641725
-3714.1927437641725
-3783.1927437641725
-3921.1927437641725
-4076.1927437641725
-4214.1927437641725
-4326.1927437641725
-4414.1927437641725
-4495.1927437641725
-4568.1927437641725
-4599.1927437641725
-4579.1927437641725
-4546.1927437641725
-4525.1927437641725
-4473.1927437641725
-4349.1927437641725
-4173.1927437641725
-3982.1927437641725
-3793.1927437641725
-3623.1927437641725
-3489.1927437641725
-3379.1927437641725
-3278.1927437641725
-3190.1927437641725
-3109.1927437641725
-3016.1927437641725
-2907.1927437641725
-2786.1927437641725
-2631.1927437641725
-2452.1927437641725
-2318.1927437641725
-2247.1927437641725
-2139.1927437641725
-1876.1927437641723
-1474.1927437641723
-1062.1927437641723
-748.1927437641723
-529.1927437641723
-337.19274376417235
-131.19274376417235
57.807256235827666
204.80725623582765
342.80725623582765
512.8072562358277
688.8072562358277
817.8072562358277
907.8072562358277
1036.8072562358277
1264.8072562358277
1564.8072562358277
1846.8072562358277
2055.8072562358275
2225.8072562358275
2405.8072562358275
2577.8072562358275
2709.8072562358275
2831.8072562358275
2974.8072562358275
3095.8072562358275
3136.8072562358275
3118.8072562358275
3117.8072562358275
3181.8072562358275
3307.8072562358275
3455.8072562358275
3584.8072562358275
3671.8072562358275
3720.8072562358275
3732.8072562358275
3725.8072562358275
3758.8072562358275
3880.8072562358275
4072.8072562358275
4268.8072562358275
4403.8072562358275
4461.8072562358275
4476.8072562358275
4494.8072562358275
4523.8072562358275
4539.8072562358275
4541.8072562358275
4531.8072562358275
4470.8072562358275
4340.8072562358275
4225.8072562358275
4238.8072562358275
4370.8072562358275
4510.8072562358275
4571.8072562358275
4555.8072562358275
4512.8072562358275
4498.8072562358275
4518.8072562358275
4523.8072562358275
4455.8072562358275
4306.8072562358275
4091.8072562358275
3834.8072562358275
3586.8072562358275
3424.8072562358275
3372.8072562358275
3368.8072562358275
3314.8072562358275
3160.8072562358275
2938.8072562358275
2715.8072562358275
2529.8072562358275
2382.8072562358275
2281.8072562358275
2236.8072562358275
2226.8072562358275
2204.8072562358275
2128.8072562358275
1988.8072562358277
1814.8072562358277
1683.8072562358277
1652.8072562358277
1681.8072562358277
1700.8072562358277
1707.8072562358277
1736.8072562358277
1766.8072562358277
1756.8072562358277
1714.8072562358277
1674.8072562358277
1651.8072562358277
1642.8072562358277
1638.8072562358277
1594.8072562358277
1486.8072562358277
1343.8072562358277
1216.8072562358277
1114.8072562358277
1026.8072562358277
936.8072562358277
829.8072562358277
711.8072562358277
627.8072562358277
606.8072562358277
610.8072562358277
578.8072562358277
506.80725623582765
450.80725623582765
462.80725623582765
544.8072562358277
651.8072562358277
721.8072562358277
718.8072562358277
629.8072562358277
480.80725623582765
335.80725623582765
245.80725623582765
204.80725623582765
186.80725623582765
204.80725623582765
264.80725623582765
326.80725623582765
346.80725623582765
333.80725623582765
294.80725623582765
209.80725623582765
82.80725623582767
-35.192743764172334
-97.19274376417233
-89.19274376417233
-13.192743764172336
106.80725623582767
231.80725623582765
337.80725623582765
418.80725623582765
470.80725623582765
498.80725623582765
534.8072562358277
585.8072562358277
609.8072562358277
578.8072562358277
547.8072562358277
596.8072562358277
738.8072562358277
887.8072562358277
933.8072562358277
847.8072562358277
689.8072562358277
511.80725623582765
296.80725623582765
46.807256235827666
-171.19274376417235
-306.19274376417235
-381.19274376417235
-434.19274376417235
-478.19274376417235
-541.1927437641723
-668.1927437641723
-848.1927437641723
-1003.1927437641723
-1068.1927437641723
-1056.1927437641723
-1045.1927437641723
-1096.1927437641723
-1186.1927437641723
-1240.1927437641723
-1226.1927437641723
-1195.1927437641723
-1205.1927437641723
-1249.1927437641723
-1281.1927437641723
-1267.1927437641723
-1215.1927437641723
-1175.1927437641723
-1185.1927437641723
-1229.1927437641723
-1274.1927437641723
-1335.1927437641723
-1452.1927437641723
-1618.1927437641723
-1782.1927437641723
-1914.1927437641723
-2032.1927437641723
-2174.1927437641725
-2344.1927437641725
-2475.1927437641725
-2495.1927437641725
-2419.1927437641725
-2348.1927437641725
-2346.1927437641725
-2407.1927437641725
-2512.1927437641725
