0
5700
11227
16412
21096
25136
28410
30817
32284
32766
32249
30748
28309
25007
20942
16238
11038
5502
-201
-5898
-11416
-16586
-21249
-25329
-28559
-30918
-32334
-32764
-32194
-30643
-28156
-24811
-20709
-15975
-10754
-5205
502
6195
11698
16845
21478
25456
28657
30984
32366
32759
32137
30535
28001
24613
20474
15711
10469
4907
-804
-6491
-11980
-17103
-21705
-25645
-28802
-31081
-32412
-32754
-32097
-30461
-27896
-24413
-20238
-15446
-10182
-4608
1105
6786
12260
17360
21930
25831
28945
31175
32455
32744
32035
30349
27736
24278
20079
15268
9991
4310
-1406
-7081
-12539
-17615
-22153
-26016
-29085
-31267
-32495
-32732
-31970
-30234
-27575
-24075
-19840
-15001
-9703
-4110
1607
7277
12724
17868
22374
26198
29222
31356
32532
32717
31903
30116
27411
23869
19599
14732
9415
3811
-1908
-7571
-13002
-18036
-22521
-26318
-29313
-31442
-32567
-32699
-31833
-29996
-27244
-23661
-19357
-14462
-9126
-3511
2209
7864
13278
18287
22739
26497
29446
31498
32588
32685
31785
29873
27076
23452
19113
14191
8836
3211
-2510
-8156
-13553
-18537
-22955
-26673
-29577
-31580
-32618
-32662
-31710
-29790
-26962
-23311
-18949
-13918
-8545
-2911
2811
8448
13827
18785
23169
26847
29706
31659
32646
32637
31633
29663
26789
23098
18702
13736
8351
2711
-3011
-8739
-14100
-19031
-23382
-27019
-29832
-31735
-32670
-32609
-31553
-29534
-26615
-22883
-18454
-13462
-8059
-2410
3311
8932
14281
19194
23522
27188
29955
31809
32692
32578
31470
29402
26437
22666
18204
13186
7766
2109
-3611
-9222
-14552
-19438
-23731
-27300
-30036
-31856
-32705
-32544
-31385
-29268
-26258
-22448
-17952
-12909
-7473
-1808
3911
9511
14822
19680
23938
27466
30156
31926
32722
32520
31326
29177
26137
22227
17699
12632
7179
1507
-4210
-9799
-15090
-19920
-24143
-27629
-30272
-31992
-32736
-32482
-31236
-29038
-25954
-22079
-17530
-12446
-6982
-1206
4509
10087
15357
20159
24346
27790
30386
32056
32748
32441
31144
28897
25769
21855
17274
12166
6688
1005
-4708
-10278
-15534
-20396
-24546
-27948
-30498
-32117
-32757
-32397
-31049
-28754
-25582
-21629
-17017
-11886
-6392
-703
5006
10564
15799
20553
24679
28053
30571
32176
32763
32350
30951
28608
25392
21402
16759
11604
6096
402
-5304
-10849
-16063
-20787
-24877
-28208
-30678
-32213
-32765
-32318
-30885
-28460
-25201
-21173
-16499
-11322
-5799
-100
5601
11133
16325
21019
25072
28360
30783
32267
32767
32267
30783
28360
25072
21019
16325
11133
5502
-201
-5898
-11416
-16586
-21249
-25265
-28510
-30885
-32318
-32765
-32213
-30678
-28208
-24877
-20787
-16063
-10849
-5304
402
6096
11604
16845
21478
25456
28657
30984
32366
32761
32156
30571
28053
24679
20553
15799
10564
5006
-703
-6392
-11886
-17017
-21629
-25582
-28754
-31081
-32412
-32754
-32097
-30461
-27896
-24480
-20317
-15534
-10278
-4708
1005
6688
12166
17274
21855
25769
28897
31144
32441
32748
32056
30349
27736
24278
20079
15268
9991
4409
-1306
-6982
-12446
-17530
-22079
-25954
-29038
-31236
-32482
-32736
-31992
-30272
-27629
-24143
-19920
-15001
-9703
-4110
1607
7277
12724
17784
22301
26137
29177
31326
32520
32722
31926
30156
27466
23938
19680
14822
9511
3911
-1808
-7571
-13002
-18036
-22521
-26318
-29313
-31413
-32556
-32705
-31856
-30036
-27300
-23731
-19438
-14552
-9222
-3611
2109
7766
13186
18204
22666
26497
29446
31498
32588
32685
31785
29915
27132
23522
19194
14281
8932
3311
-2410
-8059
-13462
-18454
-22883
-26615
-29534
-31553
-32609
-32662
-31710
-29790
-26962
-23311
-18949
-14009
-8642
-3011
2711
8351
13736
18702
23098
26789
29663
31633
32637
32646
31659
29706
26847
23098
18702
13736
8351
2711
-3011
-8642
-14009
-18949
-23311
-26962
-29790
-31710
-32662
-32618
-31580
-29577
-26673
-22955
-18537
-13553
-8156
-2410
3311
8932
14281
19194
23522
27132
29915
31785
32685
32588
31498
29446
26497
22739
18287
13278
7864
2209
-3511
-9126
-14462
-19438
-23731
-27300
-30036
-31856
-32705
-32556
-31413
-29313
-26318
-22521
-18036
-13002
-7571
-1908
3811
9415
14732
19599
23869
27411
30116
31926
32722
32520
31326
29177
26137
22301
17784
12724
7277
1607
-4110
-9703
-15001
-19840
-24075
-27575
-30234
-31970
-32732
-32495
-31267
-29038
-25954
-22079
-17530
-12446
-6982
-1306
4409
9991
15268
20079
24278
27736
30349
32035
32744
32455
31175
28945
25831
21930
17360
12166
6688
1005
-4708
-10278
-15534
-20317
-24480
-27896
-30461
-32097
-32754
-32412
-31081
-28802
-25645
-21705
-17103
-11980
-6491
-804
4907
10564
15799
20553
24679
28053
30571
32156
32761
32366
30984
28657
25456
21478
16845
11698
6195
502
-5205
-10754
-15975
-20709
-24811
-28208
-30678
-32213
-32765
-32318
-30885
-28510
-25265
-21249
-16586
-11416
-5898
-201
5502
11038
16238
20942
25007
28309
30748
32249
32766
32267
30783
28360
25072
21019
16325
11133
5601
-100
-5799
-11322
-16499
-21173
-25201
-28460
-30851
-32301
-32766
-32231
-30713
-28259
-24942
-20864
-16063
-10849
-5304
402
6096
11604
16759
21402
25392
28608
30951
32350
32763
32176
30607
28105
24745
20631
15887
10659
5106
-603
-6392
-11886
-17017
-21629
-25582
-28754
-31049
-32397
-32757
-32117
-30498
-27948
-24546
-20396
-15623
-10373
-4807
904
6589
12073
17189
21780
25769
28897
31144
32441
32748
32056
30386
27790
24346
20159
15357
10087
4509
-1206
-6884
-12353
-17445
-22004
-25893
-28992
-31206
-32468
-32736
-31992
-30272
-27629
-24143
-19920
-15090
-9799
-4210
1507
7179
12632
17699
22227
26077
29131
31297
32508
32727
31948
30195
27520
23938
19680
14822
9511
3911
-1808
-7473
-12909
-17952
-22448
-26258
-29268
-31385
-32544
-32711
-31880
-30076
-27355
-23800
-19519
-14642
-9319
-3611
2109
7766
13186
18204
22666
26437
29402
31470
32578
32692
31809
29955
27188
23592
19276
14372
9029
3411
-2310
-7961
-13370
-18454
-22883
-26615
-29534
-31553
-32609
-32670
-31735
-29832
-27019
-23382
-19031
-14100
-8739
-3111
2610
8253
13645
18620
23027
26731
29621
31633
32637
32646
31659
29706
26847
23169
18785
13827
8448
2811
-2911
-8545
-13918
-18867
-23240
-26905
-29748
-31684
-32654
-32628
-31606
-29577
-26673
-22955
-18537
-13553
-8156
-2510
3211
8836
14191
19113
23452
27076
29873
31760
32678
32599
31525
29490
26556
22811
18371
13278
7864
2209
-3511
-9126
-14462
-19357
-23661
-27244
-29996
-31833
-32699
-32567
-31442
-29358
-26378
-22594
-18120
-13094
-7668
-2009
3711
9415
14732
19599
23869
27411
30116
31903
32717
32532
31356
29222
26198
22374
17868
12817
7375
1708
-4011
-9607
-14911
-19760
-24006
-27575
-30234
-31970
-32732
-32495
-31267
-29085
-26016
-22153
-17615
-12539
-7081
-1406
4310
9895
15179
20000
24211
27683
30311
32014
32740
32455
31175
28945
25831
21930
17360
12260
6786
1105
-4608
-10182
-15446
-20238
-24413
-27843
-30424
-32077
-32751
-32426
-31113
-28850
-25707
-21705
-17103
-11980
-6491
-804
4907
10469
15711
20474
24613
28001
30535
32137
32759
32382
31017
28706
25519
21554
16931
11792
6293
502
-5205
-10754
-15975
-20709
-24811
-28156
-30643
-32194
-32764
-32334
-30918
-28559
-25329
-21326
-16672
-11510
-5997
-301
5403
10944
16150
20942
25007
28309
30748
32249
32766
32284
30817
28410
25136
21096
16412
11227
5700
0
-5700
-11227
-16412
-21096
-25136
-28410
-30817
-32301
-32766
-32231
-30713
-28259
-24942
-20864
-16150
-10944
-5403
301
5997
11510
16672
21326
25329
28559
30918
32334
32764
32194
30643
28156
24745
20631
15887
10659
5106
-603
-6293
-11792
-16931
-21554
-25519
-28706
-31017
-32382
-32759
-32137
-30535
-28001
-24613
-20474
-15711
-10469
-4807
904
6589
12073
17189
21780
25707
28850
31113
32426
32751
32077
30424
27843
24413
20238
15446
10182
4608
-1105
-6786
-12260
-17445
-22004
-25893
-28992
-31206
-32468
-32740
-32014
-30311
-27683
-24211
-20000
-15179
-9895
-4310
1406
7081
12539
17615
22153
26016
29085
31297
32508
32727
31948
30195
27520
24006
19760
14911
9607
4011
-1708
-7375
-12817
-17868
-22374
-26198
-29222
-31356
-32532
-32717
-31903
-30076
-27355
-23800
-19519
-14642
-9319
-3711
2009
7668
13094
18120
22594
26378
29358
31442
32567
32699
31833
29996
27244
23661
19357
14372
9029
3411
-2310
-7961
-13370
-18371
-22811
-26556
-29490
-31525
-32599
-32678
-31760
-29873
-27076
-23452
-19113
-14191
-8836
-3211
2510
8253
13645
18620
23027
26731
29621
31606
32628
32654
31684
29748
26905
23240
18867
13918
8545
2911
-2811
-8448
-13827
-18785
-23169
-26905
-29748
-31684
-32654
-32628
-31606
-29621
-26731
-23027
-18620
-13645
-8253
-2610
3111
8739
14100
19031
23382
27019
29832
31735
32670
32599
31525
29490
26556
22811
18371
13370
7961
2310
-3411
-9029
-14372
-19276
-23592
-27188
-29955
-31809
-32692
-32578
-31470
-29402
-26437
-22594
-18120
-13094
-7668
-2009
3711
9319
14642
19519
23800
27355
30076
31880
32711
32544
31385
29268
26258
22448
17952
12909
7473
1708
-4011
-9607
-14911
-19760
-24006
-27520
-30195
-31948
-32727
-32508
-31297
-29131
-26077
-22227
-17699
-12632
-7179
-1507
4210
9799
15090
20000
24211
27683
30311
32014
32740
32468
31206
28992
25893
22004
17445
12353
6884
1206
-4509
-10087
-15357
-20159
-24346
-27790
-30386
-32077
-32751
-32426
-31113
-28850
-25707
-21780
-17189
-12073
-6589
-904
4807
10373
15623
20396
24546
27948
30498
32117
32757
32397
31049
28706
25519
21554
16931
11792
6293
603
-5106
-10659
-15887
-20631
-24745
-28105
-30607
-32176
-32763
-32350
-30951
-28608
-25392
-21402
-16759
-11510
-5997
-301
5403
10944
16150
20864
24942
28259
30713
32231
32766
32301
30851
28460
25201
21173
16499
11322
5799
100
-5601
-11227
-16412
-21096
-25136
-28410
-30817
-32284
-32766
-32249
-30748
-28309
-25007
-20942
-16238
-11038
-5502
201
5898
11416
16586
21249
25265
28559
30918
32334
32764
32194
30643
28156
24811
20709
15975
10754
5205
-502
-6195
-11698
-16845
-21478
-25456
-28657
-30984
-32366
-32761
-32156
-30535
-28001
-24613
-20474
-15711
-10469
-4907
804
6491
11980
17103
21705
25645
28802
31081
32412
32754
32097
30461
27896
24480
20317
15446
10182
4608
-1105
-6786
-12260
-17360
-21930
-25831
-28945
-31175
-32455
-32744
-32035
-30349
-27736
-24278
-20079
-15268
-9991
-4409
1306
7081
12539
17615
22153
26016
29085
31267
32495
32732
31970
30234
27575
24075
19840
15001
9703
4110
-1607
-7277
-12724
-17784
-22301
-26198
-29222
-31356
-32532
-32717
-31903
-30116
-27411
-23869
-19599
-14732
-9415
-3811
1908
7571
13002
18036
22521
26318
29313
31413
32556
32699
31833
29996
27244
23661
19357
14462
9126
3511
-2209
-7864
-13278
-18287
-22739
-26497
-29446
-31498
-32588
-32685
-31785
-29915
-27132
-23452
-19113
-14191
-8836
-3211
2510
8156
13553
18537
22955
26673
29577
31580
32618
32662
31710
29790
26962
23311
18949
14009
8642
2911
-2811
-8448
-13827
-18785
-23169
-26847
-29706
-31659
-32646
-32637
-31633
-29663
-26789
-23098
-18702
-13736
-8351
-2711
3011
8642
14009
19031
23382
27019
29832
31735
32670
32609
31553
29534
26615
22883
18454
13462
8059
2410
-3311
-8932
-14281
-19194
-23522
-27132
-29915
-31809
-32692
-32578
-31470
-29402
-26437
-22666
-18204
-13186
-7766
-2109
3611
9222
14552
19438
23731
27300
30036
31856
32705
32556
31413
29268
26258
22448
17952
12909
7473
1808
-3911
-9511
-14822
-19680
-23938
-27466
-30156
-31926
-32722
-32520
-31326
-29177
-26137
-22301
-17784
-12632
-7179
-1507
4210
9799
15090
19920
24143
27629
30272
31992
32736
32482
31236
29038
25954
22079
17530
12446
6982
1306
-4409
-10087
-15357
-20159
-24346
-27790
-30386
-32056
-32748
-32441
-31144
-28897
-25769
-21855
-17274
-12166
-6688
-1005
4708
10278
15534
20317
24480
27948
30498
32117
32757
32397
31049
28754
25582
21629
17017
11886
6392
703
-5006
-10564
-15799
-20553
-24679
-28053
-30571
-32156
-32761
-32350
-30951
-28608
-25392
-21402
-16759
-11604
-6096
-402
5304
10849
16063
20787
24877
28208
30678
32213
32765
32318
30885
28510
25265
21173
16499
11322
5799
100
-5601
-11133
-16325
-21019
-25072
-28360
-30783
-32267
-32767
-32267
-30783
-28360
-25072
-21019
-16325
-11133
-5601
201
5898
11416
16586
21249
25265
28510
30885
32318
32765
32213
30678
28208
24877
20787
16063
10849
5304
-402
-6096
-11604
-16759
-21478
-25456
-28657
-30984
-32366
-32761
-32156
-30571
-28053
-24679
-20553
-15799
-10564
-5006
703
6392
11886
17017
21629
25582
28754
31049
32397
32754
32097
30461
27896
24480
20317
15534
10278
4708
-1005
-6688
-12166
-17274
-21855
-25769
-28897
-31144
-32441
-32748
-32056
-30386
-27790
-24278
-20079
-15268
-9991
-4409
1306
6982
12446
17530
22079
25954
29038
31236
32482
32736
31992
30272
27629
24143
19920
15090
9799
4110
-1607
-7277
-12724
-17784
-22301
-26137
-29177
-31326
-32520
-32722
-31926
-30156
-27466
-23938
-19680
-14822
-9511
-3911
1808
7473
12909
18036
22521
26318
29313
31413
32556
32705
31856
30036
27300
23731
19438
14552
9222
3611
-2109
-7766
-13186
-18204
-22666
-26437
-29402
-31498
-32588
-32685
-31785
-29915
-27132
-23522
-19194
-14281
-8932
-3311
2410
8059
13462
18454
22883
26615
29534
31553
32609
32670
31735
29790
26962
23311
18949
14009
8642
3011
-2711
-8351
-13736
-18702
-23098
-26789
-29663
-31633
-32637
-32646
-31659
-29706
-26847
-23169
-18785
-13736
-8351
-2711
3011
8642
14009
18949
23311
26962
29790
31710
32662
32618
31580
29577
26673
22955
18537
13553
8156
2510
-3211
-8932
-14281
-19194
-23522
-27132
-29915
-31785
-32685
-32588
-31498
-29446
-26497
-22739
-18287
-13278
-7864
-2209
3511
9126
14462
19357
23661
27300
30036
31856
32705
32556
31413
29313
26318
22521
18036
13002
7571
1908
-3811
-9415
-14732
-19599
-23869
-27411
-30116
-31903
-32717
-32520
-31326
-29177
-26137
-22301
-17784
-12724
-7277
-1607
4110
9703
15001
19840
24075
27575
30234
31970
32732
32495
31267
29085
26016
22079
17530
12446
6982
1306
-4409
-9991
-15268
-20079
-24278
-27736
-30349
-32035
-32744
-32455
-31175
-28945
-25831
-21930
-17360
-12260
-6786
-1005
4708
10278
15534
20317
24480
27896
30461
32097
32754
32412
31081
28802
25645
21705
17103
11980
6491
804
-4907
-10469
-15711
-20553
-24679
-28053
-30571
-32156
-32761
-32366
-30984
-28657
-25456
-21478
-16845
-11698
-6195
-502
5205
10754
15975
20709
24811
28156
30643
32213
32765
32318
30885
28510
25265
21249
16586
11416
5898
201
-5502
-11038
-16238
-20942
-25007
-28309
-30748
-32249
-32766
-32284
-30817
-28360
-25072
-21019
-16325
-11133
-5601
100
5799
11322
16499
21173
25201
28460
30851
32301
32766
32231
30713
28259
24942
20864
16150
10849
5304
-402
-6096
-11604
-16759
-21402
-25392
-28608
-30951
-32350
-32763
-32176
-30607
-28105
-24745
-20631
-15887
-10659
-5106
603
6293
11886
17017
21629
25582
28754
31049
32397
32757
32117
30498
27948
24546
20396
15623
10373
4807
-904
-6589
-12073
-17189
-21780
-25707
-28850
-31144
-32441
-32748
-32056
-30386
-27790
-24346
-20159
-15357
-10087
-4509
1206
6884
12353
17445
22004
25893
28992
31206
32468
32740
32014
30272
27629
24143
19920
15090
9799
4210
-1507
-7179
-12632
-17699
-22227
-26077
-29131
-31297
-32508
-32727
-31948
-30195
-27520
-24006
-19760
-14822
-9511
-3911
1808
7473
12909
17952
22448
26258
29268
31385
32544
32711
31880
30076
27355
23800
19519
14642
9319
3711
-2009
-7766
-13186
-18204
-22666
-26437
-29402
-31470
-32578
-32692
-31809
-29955
-27188
-23592
-19276
-14372
-9029
-3411
2310
7961
13370
18371
22811
26615
29534
31553
32609
32670
31735
29832
27019
23382
19031
14100
8739
3111
-2610
-8253
-13645
-18620
-23027
-26731
-29621
-31606
-32628
-32646
-31659
-29706
-26847
-23169
-18785
-13827
-8448
-2811
2911
8545
13918
18867
23240
26905
29748
31684
32654
32628
31606
29621
26731
22955
18537
13553
8156
2510
-3211
-8836
-14191
-19113
-23452
-27076
-29873
-31760
-32678
-32599
-31525
-29490
-26556
-22811
-18371
-13370
-7961
-2209
3511
9126
14462
19357
23661
27244
29996
31833
32699
32567
31442
29358
26378
22594
18120
13094
7668
2009
-3711
-9319
-14642
-19599
-23869
-27411
-30116
-31903
-32717
-32532
-31356
-29222
-26198
-22374
-17868
-12817
-7375
-1708
4011
9607
14911
19760
24006
27520
30195
31970
32732
32495
31267
29085
26016
22153
17615
12539
7081
1406
-4310
-9895
-15179
-20000
-24211
-27683
-30311
-32014
-32740
-32468
-31206
-28945
-25831
-21930
-17360
-12260
-6786
-1105
4608
10182
15446
20238
24413
27843
30424
32077
32751
32426
31113
28850
25707
21780
17189
11980
6491
804
-4907
-10469
-15711
-20474
-24613
-28001
-30535
-32137
-32759
-32382
-31017
-28706
-25519
-21554
-16931
-11792
-6293
-603
5106
10754
15975
20709
24811
28156
30643
32194
32764
32334
30918
28559
25329
21326
16672
11510
5997
301
-5403
-10944
-16150
-20864
-24942
-28309
-30748
-32249
-32766
-32284
-30817
-28410
-25136
-21096
-16412
-11227
-5700
0
5700
11227
16412
21096
25136
28410
30817
32284
32766
32231
30713
28259
24942
20864
16150
10944
5403
-301
-5997
-11510
-16672
-21326
-25329
-28559
-30918
-32334
-32764
-32194
-30643
-28156
-24811
-20631
-15887
-10659
-5106
603
6293
11792
16931
21554
25519
28706
31017
32382
32759
32137
30535
28001
24613
20474
15711
10469
4907
-904
-6589
-12073
-17189
-21780
-25707
-28850
-31113
-32426
-32751
-32077
-30424
-27843
-24413
-20238
-15446
-10182
-4608
1105
6786
12260
17360
21930
25893
28992
31206
32468
32740
32014
30311
27683
24211
20000
15179
9895
4310
-1406
-7081
-12539
-17615
-22153
-26016
-29085
-31267
-32495
-32727
-31948
-30195
-27520
-24006
-19760
-14911
-9607
-4011
1708
7375
12817
17868
22374
26198
29222
31356
32532
32717
31903
30116
27411
23800
19519
14642
9319
3711
-2009
-7668
-13094
-18120
-22594
-26378
-29358
-31442
-32567
-32699
-31833
-29996
-27244
-23661
-19357
-14462
-9126
-3411
2310
7961
13370
18371
22811
26556
29490
31525
32599
32678
31760
29873
27076
23452
19113
14191
8836
3211
-2510
-8156
-13553
-18620
-23027
-26731
-29621
-31606
-32628
-32654
-31684
-29748
-26905
-23240
-18867
-13918
-8545
-2911
2811
8448
13827
18785
23169
26847
29706
31684
32654
32628
31606
29621
26731
23027
18620
13645
8253
2610
-3111
-8739
-14100
-19031
-23382
-27019
-29832
-31735
-32670
-32609
-31553
-29490
-26556
-22811
-18371
-13370
-7961
-2310
3411
9029
14372
19276
23592
27188
29955
31809
32692
32578
31470
29402
26437
22666
18204
13094
7668
2009
-3711
-9319
-14642
-19519
-23800
-27355
-30076
-31880
-32711
-32544
-31385
-29268
-26258
-22448
-17952
-12909
-7473
-1808
3911
9607
14911
19760
24006
27520
30195
31948
32727
32508
31297
29131
26077
22227
17699
12632
7179
1507
-4210
-9799
-15090
-19920
-24143
-27683
-30311
-32014
-32740
-32468
-31206
-28992
-25893
-22004
-17445
-12353
-6884
-1206
4509
10087
15357
20159
24346
27790
30386
32056
32748
32426
31113
28850
25707
21780
17189
12073
6589
904
-4807
-10373
-15623
-20396
-24546
-27948
-30498
-32117
-32757
-32397
-31049
-28754
-25582
-21554
-16931
-11792
-6293
-603
5106
10659
15887
20631
24745
28105
30607
32176
32763
32350
30951
28608
25392
21402
16759
11604
6096
301
-5403
-10944
-16150
-20864
-24942
-28259
-30713
-32231
-32766
-32301
-30851
-28460
-25201
-21173
-16499
-11322
-5799
-100
5601
11133
16325
21096
25136
28410
30817
32284
32766
32249
30748
28309
25007
20942
16238
11038
5502
-201
-5898
-11416
-16586
-21249
-25265
-28510
-30885
-32334
-32764
-32194
-30643
-28156
-24811
-20709
-15975
-10754
-5205
502
6195
11698
16845
21478
25456
28657
30984
32366
32761
32156
30571
28001
24613
20474
15711
10469
4907
-804
-6491
-11980
-17103
-21705
-25645
-28802
-31081
-32412
-32754
-32097
-30461
-27896
-24480
-20317
-15534
-10182
-4608
1105
6786
12260
17360
21930
25831
28945
31175
32455
32744
32035
30349
27736
24278
20079
15268
9991
4409
-1306
-6982
-12446
-17615
-22153
-26016
-29085
-31267
-32495
-32732
-31970
-30234
-27575
-24075
-19840
-15001
-9703
-4110
1607
7277
12724
17784
22301
26137
29177
31356
32532
32717
31903
30116
27411
23869
19599
14732
9415
3811
-1908
-7571
-13002
-18036
-22521
-26318
-29313
-31413
-32556
-32705
-31856
-29996
-27244
-23661
-19357
-14462
-9126
-3511
2209
7864
13278
18287
22739
26497
29446
31498
32588
32685
31785
29915
27132
23522
19194
14191
8836
3211
-2510
-8156
-13553
-18537
-22955
-26673
-29577
-31580
-32618
-32662
-31710
-29790
-26962
-23311
-18949
-14009
-8642
-3011
2711
8448
13827
18785
23169
26847
29706
31659
32646
32637
31633
29663
26789
23098
18702
13736
8351
2711
-3011
-8642
-14009
-18949
-23311
-27019
-29832
-31735
-32670
-32609
-31553
-29534
-26615
-22883
-18454
-13462
-8059
-2410
3311
8932
14281
19194
23522
27132
29915
31785
32685
32578
31470
29402
26437
22666
18204
13186
7766
2109
-3611
-9222
-14552
-19438
-23731
-27300
-30036
-31856
-32705
-32556
-31413
-29313
-26318
-22448
-17952
-12909
-7473
-1808
3911
9511
14822
19680
23938
27466
30156
31926
32722
32520
31326
29177
26137
22301
17784
12724
7277
1507
-4210
-9799
-15090
-19920
-24143
-27629
-30272
-31992
-32736
-32482
-31236
-29038
-25954
-22079
-17530
-12446
-6982
-1306
4409
9991
15268
20159
24346
27790
30386
32056
32748
32441
31144
28897
25769
21855
17274
12166
6688
1005
-4708
-10278
-15534
-20317
-24480
-27896
-30461
-32117
-32757
-32397
-31049
-28754
-25582
-21629
-17017
-11886
-6392
-703
5006
10564
15799
20553
24679
28053
30571
32156
32761
32366
30984
28608
25392
21402
16759
11604
6096
402
-5304
-10849
-16063
-20787
-24877
-28208
-30678
-32213
-32765
-32318
-30885
-28510
-25265
-21249
-16586
-11322
-5799
-100
5601
11133
16325
21019
25072
28360
30783
32267
32767
32267
30783
28360
25072
21019
16325
11133
5601
-100
-5799
-11416
-16586
-21249
-25265
-28510
-30885
-32318
-32765
-32213
-30678
-28208
-24877
-20787
-16063
-10849
-5304
402
6096
11604
16759
21402
25392
28657
30984
32366
32761
32156
30571
28053
24679
20553
15799
10564
5006
-703
-6392
-11886
-17017
-21629
-25582
-28754
-31049
-32397
-32757
-32097
-30461
-27896
-24480
-20317
-15534
-10278
-4708
1005
6688
12166
17274
21855
25769
28897
31144
32441
32748
32056
30386
27790
24346
20079
15268
9991
4409
-1306
-6982
-12446
-17530
-22079
-25954
-29038
-31236
-32482
-32736
-31992
-30272
-27629
-24143
-19920
-15090
-9799
-4210
1507
7277
12724
17784
22301
26137
29177
31326
32520
32722
31926
30156
27466
23938
19680
14822
9511
3911
-1808
-7473
-12909
-17952
-22448
-26318
-29313
-31413
-32556
-32705
-31856
-30036
-27300
-23731
-19438
-14552
-9222
-3611
2109
7766
13186
18204
22666
26437
29402
31470
32578
32685
31785
29915
27132
23522
19194
14281
8932
3311
-2410
-8059
-13462
-18454
-22883
-26615
-29534
-31553
-32609
-32670
-31735
-29832
-27019
-23311
-18949
-14009
-8642
-3011
2711
8351
13736
18702
23098
26789
29663
31633
32637
32646
31659
29706
26847
23169
18785
13827
8448
2711
-3011
-8642
-14009
-18949
-23311
-26962
-29790
-31710
-32662
-32618
-31580
-29577
-26673
-22955
-18537
-13553
-8156
-2510
3211
8836
14191
19194
23522
27132
29915
31785
32685
32588
31498
29446
26497
22739
18287
13278
7864
2209
-3511
-9126
-14462
-19357
-23661
-27244
-29996
-31856
-32705
-32556
-31413
-29313
-26318
-22521
-18036
-13002
-7571
-1908
3811
9415
14732
19599
23869
27411
30116
31903
32717
32532
31356
29177
26137
22301
17784
12724
7277
1607
-4110
-9703
-15001
-19840
-24075
-27575
-30234
-31970
-32732
-32495
-31267
-29085
-26016
-22153
-17615
-12446
-6982
-1306
4409
9991
15268
20079
24278
27736
30349
32035
32744
32455
31175
28945
25831
21930
17360
12260
6786
1105
-4608
-10278
-15534
-20317
-24480
-27896
-30461
-32097
-32754
-32412
-31081
-28802
-25645
-21705
-17103
-11980
-6491
-804
4907
10469
15711
20474
24613
28053
30571
32156
32761
32366
30984
28657
25456
21478
16845
11698
6195
502
-5205
-10754
-15975
-20709
-24811
-28156
-30643
-32194
-32764
-32318
-30885
-28510
-25265
-21249
-16586
-11416
-5898
-201
5502
11038
16238
20942
25007
28309
30748
32249
32766
32284
30817
28410
25136
21019
16325
11133
5601
-100
-5799
-11322
-16499
-21173
-25201
-28460
-30851
-32301
-32766
-32231
-30713
-28259
-24942
-20864
-16150
-10944
-5403
402
6096
11604
16759
21402
25392
28608
30951
32350
32763
32176
30607
28105
24745
20631
15887
10659
5106
-603
-6293
-11792
-16931
-21629
-25582
-28754
-31049
-32397
-32757
-32117
-30498
-27948
-24546
-20396
-15623
-10373
-4807
904
6589
12073
17189
21780
25707
28850
31113
32441
32748
32056
30386
27790
24346
20159
15357
10087
4509
-1206
-6884
-12353
-17445
-22004
-25893
-28992
-31206
-32468
-32740
-32014
-30311
-27629
-24143
-19920
-15090
-9799
-4210
1507
7179
12632
17699
22227
26077
29131
31297
32508
32727
31948
30195
27520
24006
19760
14911
9607
3911
-1808
-7473
-12909
-17952
-22448
-26258
-29268
-31385
-32544
-32711
-31880
-30076
-27355
-23800
-19519
-14642
-9319
-3711
2009
7668
13094
18204
22666
26437
29402
31470
32578
32692
31809
29955
27188
23592
19276
14372
9029
3411
-2310
-7961
-13370
-18371
-22811
-26556
-29490
-31553
-32609
-32670
-31735
-29832
-27019
-23382
-19031
-14100
-8739
-3111
2610
8253
13645
18620
23027
26731
29621
31606
32628
32654
31684
29706
26847
23169
18785
13827
8448
2811
-2911
-8545
-13918
-18867
-23240
-26905
-29748
-31684
-32654
-32628
-31606
-29621
-26731
-23027
-18620
-13553
-8156
-2510
3211
8836
14191
19113
23452
27076
29873
31760
32678
32599
31525
29490
26556
22811
18371
13370
7961
2310
-3411
-9126
-14462
-19357
-23661
-27244
-29996
-31833
-32699
-32567
-31442
-29358
-26378
-22594
-18120
-13094
-7668
-2009
3711
9319
14642
19519
23800
27411
30116
31903
32717
32532
31356
29222
26198
22374
17868
12817
7375
1708
-4011
-9607
-14911
-19760
-24006
-27520
-30195
-31948
-32727
-32495
-31267
-29085
-26016
-22153
-17615
-12539
-7081
-1406
4310
9895
15179
20000
24211
27683
30311
32014
32740
32468
31206
28992
25893
21930
17360
12260
6786
1105
-4608
-10182
-15446
-20238
-24413
-27843
-30424
-32077
-32751
-32426
-31113
-28850
-25707
-21780
-17189
-12073
-6589
-804
4907
10469
15711
20474
24613
28001
30535
32137
32759
32382
31017
28706
25519
21554
16931
11792
6293
603
-5106
-10659
-15887
-20709
-24811
-28156
-30643
-32194
-32764
-32334
-30918
-28559
-25329
-21326
-16672
-11510
-5997
-301
5403
10944
16150
20864
24942
28259
30713
32249
32766
32284
30817
28410
25136
21096
16412
11227
5700
0
-5700
-11227
-16412
-21096
-25136
-28410
-30817
-32284
-32766
-32249
-30748
-28259
-24942
-20864
-16150
-10944
-5403
301
5997
11510
16672
21326
25329
28559
30918
32334
32764
32194
30643
28156
24811
20709
15975
10659
5106
-603
-6293
-11792
-16931
-21554
-25519
-28706
-31017
-32382
-32759
-32137
-30535
-28001
-24613
-20474
-15711
-10469
-4907
804
6491
12073
17189
21780
25707
28850
31113
32426
32751
32077
30424
27843
24413
20238
15446
10182
4608
-1105
-6786
-12260
-17360
-21930
-25831
-28992
-31206
-32468
-32740
-32014
-30311
-27683
-24211
-20000
-15179
-9895
-4310
1406
7081
12539
