0
1206
2510
3711
5006
6293
7473
8739
9991
11133
12353
13462
14642
15799
16845
17952
19031
20000
21019
21930
22883
23800
24613
25456
26258
26962
27683
28309
28945
29534
30036
30535
30984
31356
31710
32014
32249
32455
32599
32705
32759
32763
32717
32618
32482
32284
32056
31760
31413
31049
30607
30116
29621
29038
28460
27790
27076
26378
25582
24745
23938
23027
22079
21173
20159
19194
18120
17017
15975
14822
13645
12539
11322
10182
8932
7668
6491
5205
3911
2711
1406
201
-1105
-2410
-3611
-4907
-6195
-7375
-8642
-9895
-11038
-12260
-13370
-14552
-15711
-16759
-17868
-18949
-19920
-20942
-21855
-22811
-23731
-24546
-25392
-26198
-26905
-27629
-28259
-28897
-29490
-29996
-30498
-30951
-31326
-31684
-31992
-32231
-32441
-32588
-32699
-32757
-32764
-32722
-32628
-32495
-32301
-32077
-31785
-31442
-31081
-30643
-30156
-29663
-29085
-28510
-27843
-27132
-26437
-25645
-24811
-24006
-23098
-22227
-21249
-20238
-19276
-18204
-17103
-16063
-14911
-13736
-12632
-11416
-10278
-9029
-7766
-6589
-5304
-4011
-2811
-1507
-301
1005
2310
3511
4807
6096
7277
8545
9703
10944
12166
13278
14462
15623
16672
17784
18867
19840
20864
21780
22739
23661
24480
25329
26137
26847
27575
28208
28850
29446
29955
30461
30918
31297
31659
31948
32213
32426
32578
32692
32754
32765
32727
32637
32508
32318
32097
31809
31470
31113
30678
30195
29706
29131
28559
27896
27188
26497
25707
24877
24075
23169
22301
21326
20317
19357
18287
17189
16150
15001
13827
12724
11510
10373
9126
7864
6688
5403
4110
2911
1607
402
-904
-2209
-3411
-4708
-5997
-7179
-8448
-9607
-10849
-12073
-13186
-14372
-15534
-16586
-17699
-18702
-19760
-20787
-21705
-22666
-23592
-24413
-25265
-26077
-26789
-27520
-28156
-28802
-29402
-29915
-30424
-30885
-31267
-31633
-31926
-32194
-32412
-32567
-32685
-32751
-32766
-32732
-32654
-32520
-32334
-32117
-31833
-31498
-31144
-30713
-30234
-29748
-29177
-28608
-27948
-27244
-26556
-25769
-24942
-24143
-23240
-22374
-21402
-20396
-19438
-18371
-17274
-16238
-15090
-14009
-12817
-11604
-10469
-9222
-7961
-6786
-5502
-4210
-3011
-1708
-502
804
2109
3311
4608
5898
7081
8351
9511
10754
11980
13094
14281
15446
16499
17615
18620
19680
20709
21629
22594
23522
24346
25201
26016
26731
27466
28105
28754
29358
29873
30386
30851
31236
31606
31903
32176
32397
32556
32678
32748
32766
32736
32662
32532
32350
32137
31856
31525
31175
30748
30311
29790
29222
28657
28001
27300
26615
25831
25007
24211
23311
22448
21478
20474
19519
18454
17360
16325
15179
14100
12909
11698
10564
9319
8059
6884
5601
4409
3111
1808
603
-703
-2009
-3211
-4509
-5799
-6982
-8253
-9415
-10659
-11886
-13002
-14191
-15357
-16412
-17530
-18537
-19599
-20631
-21554
-22521
-23452
-24278
-25136
-25893
-26673
-27411
-28053
-28706
-29313
-29832
-30349
-30817
-31206
-31580
-31880
-32156
-32382
-32544
-32670
-32744
-32767
-32740
-32670
-32544
-32366
-32156
-31880
-31553
-31206
-30783
-30349
-29832
-29268
-28706
-28053
-27355
-26673
-25893
-25072
-24278
-23382
-22521
-21554
-20553
-19599
-18537
-17445
-16412
-15268
-14191
-13002
-11792
-10659
-9415
-8156
-6982
-5700
-4509
-3211
-1908
-703
603
1908
3111
4409
5700
6884
8156
9319
10564
11792
12909
14100
15268
16325
17445
18454
19519
20553
21478
22448
23382
24211
25072
25831
26615
27355
28001
28657
29268
29790
30311
30748
31175
31553
31856
32137
32366
32532
32662
32740
32766
32744
32678
32556
32382
32176
31903
31580
31236
30817
30386
29873
29313
28754
28105
27411
26731
25954
25201
24346
23452
22594
21629
20631
19680
18620
17530
16499
15357
14281
13094
11886
10754
9511
8253
7081
5799
4608
3311
2009
804
-502
-1808
-3011
-4310
-5502
-6786
-8059
-9222
-10469
-11698
-12817
-14009
-15179
-16238
-17360
-18371
-19438
-20474
-21402
-22374
-23311
-24143
-25007
-25769
-26556
-27300
-27948
-28608
-29222
-29748
-30272
-30713
-31144
-31525
-31833
-32117
-32350
-32520
-32654
-32736
-32766
-32748
-32685
-32567
-32397
-32194
-31926
-31606
-31267
-30851
-30424
-29915
-29358
-28802
-28156
-27466
-26789
-26016
-25265
-24413
-23522
-22666
-21705
-20709
-19760
-18702
-17699
-16586
-15446
-14372
-13186
-11980
-10849
-9607
-8351
-7179
-5898
-4708
-3411
-2109
-904
402
1708
2911
4210
5403
6688
7961
9126
10373
11604
12724
13918
15001
16150
17274
18287
19357
20396
21326
22301
23240
24075
24942
25707
26497
27244
27896
28559
29177
29706
30234
30678
31113
31498
31809
32097
32334
32508
32646
32727
32765
32751
32692
32578
32412
32213
31948
31633
31297
30885
30461
29955
29402
28850
28208
27520
26847
26077
25329
24480
23592
22739
21780
20787
19840
18785
17784
16672
15534
14462
13278
12073
10944
9703
8448
7277
5997
4807
3511
2209
1005
-301
-1607
-2811
-4110
-5304
-6589
-7864
-9029
-10278
-11510
-12632
-13827
-14911
-16063
-17189
-18204
-19276
-20317
-21249
-22227
-23098
-24006
-24877
-25645
-26437
-27188
-27843
-28510
-29131
-29663
-30195
-30643
-31081
-31470
-31785
-32077
-32318
-32495
-32637
-32722
-32764
-32754
-32699
-32588
-32426
-32231
-31970
-31684
-31326
-30918
-30498
-29996
-29446
-28897
-28259
-27575
-26905
-26137
-25392
-24546
-23661
-22811
-21855
-20864
-19920
-18867
-17868
-16759
-15623
-14552
-13370
-12166
-11038
-9799
-8642
-7375
-6096
-4907
-3611
-2310
-1105
201
1507
2711
4011
5205
6491
7766
8932
10182
11416
12539
13736
14822
15975
17103
18120
19194
20238
21173
22153
23027
23938
24811
25582
26378
27132
27790
28460
29085
29621
30156
30607
31049
31442
31760
32056
32301
32482
32628
32717
32763
32757
32705
32599
32441
32249
31992
31710
31356
30951
30535
30036
29490
28945
28309
27629
26962
26198
25456
24613
23731
22883
21930
20942
20000
18949
17952
16845
15711
14642
13462
12260
11133
9895
8739
7473
6195
5006
3711
2410
1206
-100
-1306
-2610
-3911
-5106
-6392
-7668
-8836
-10087
-11322
-12446
-13645
-14732
-15887
-17017
-18036
-19113
-20159
-21096
-22079
-22955
-23869
-24745
-25519
-26318
-27076
-27736
-28410
-28992
-29577
-30116
-30571
-31017
-31413
-31735
-32035
-32284
-32468
-32618
-32711
-32761
-32759
-32711
-32609
-32455
-32267
-32014
-31735
-31385
-30984
-30571
-30076
-29534
-28992
-28360
-27736
-27019
-26258
-25519
-24679
-23800
-22955
-22004
-21019
-20079
-19031
-18036
-16931
-15799
-14732
-13553
-12353
-11227
-9991
-8836
-7571
-6293
-5106
-3811
-2510
-1306
0
1206
2510
3811
5006
6293
7571
8739
9991
11227
12353
13553
14642
15799
16931
17952
19031
20079
21019
22004
22883
23800
24679
25456
26258
27019
27683
28360
28945
29534
30076
30535
30984
31385
31710
32014
32249
32455
32609
32705
32759
32761
32717
32618
32468
32284
32035
31760
31413
31017
30607
30116
29577
29038
28410
27790
27076
26318
25582
24745
23869
23027
22079
21173
20159
19113
18120
17017
15887
14822
13645
12446
11322
10087
8932
7668
6392
5205
3911
2610
1406
100
-1105
-2410
-3711
-4907
-6195
-7473
-8642
-9895
-11038
-12260
-13462
-14552
-15711
-16845
-17868
-18949
-20000
-20942
-21930
-22811
-23731
-24613
-25392
-26198
-26962
-27629
-28309
-28897
-29490
-30036
-30498
-30951
-31356
-31684
-31992
-32231
-32441
-32599
-32699
-32757
-32763
-32722
-32628
-32482
-32301
-32056
-31785
-31442
-31049
-30643
-30156
-29621
-29085
-28460
-27843
-27132
-26378
-25645
-24811
-23938
-23098
-22153
-21249
-20238
-19194
-18204
-17103
-15975
-14911
-13736
-12632
-11416
-10182
-9029
-7766
-6491
-5304
-4011
-2711
-1507
-201
1005
2310
3611
4807
6096
7375
8545
9799
10944
12166
13370
14462
15623
16759
17784
18867
19840
20864
21855
22739
23661
24546
25329
26137
26905
27575
28259
28850
29446
29996
30461
30918
31326
31659
31970
32213
32426
32588
32692
32754
32764
32727
32637
32508
32318
32077
31809
31470
31081
30678
30195
29663
29131
28510
27896
27188
26437
25707
24877
24006
23169
22227
21326
20317
19276
18287
17189
16063
15001
13827
12724
11510
10278
9126
7864
6589
5403
4110
2811
1607
301
-904
-2209
-3511
-4708
-5997
-7277
-8448
-9703
-10849
-12073
-13278
-14372
-15534
-16672
-17699
-18785
-19760
-20787
-21780
-22666
-23592
-24480
-25265
-26077
-26847
-27520
-28208
-28802
-29402
-29955
-30424
-30885
-31297
-31633
-31948
-32194
-32412
-32578
-32685
-32751
-32765
-32732
-32646
-32520
-32334
-32097
-31833
-31498
-31113
-30713
-30234
-29748
-29177
-28559
-27948
-27244
-26497
-25769
-24942
-24075
-23240
-22301
-21402
-20396
-19357
-18371
-17274
-16150
-15090
-13918
-12817
-11604
-10373
-9222
-7961
-6688
-5502
-4210
-3011
-1708
-402
804
2109
3411
4608
5898
7179
8351
9607
10754
11980
13186
14281
15446
16586
17615
18702
19680
20709
21705
22594
23522
24413
25201
26016
26731
27466
28156
28754
29358
29915
30386
30851
31267
31606
31926
32176
32397
32567
32678
32748
32766
32736
32654
32532
32350
32117
31856
31525
31144
30748
30272
29790
29222
28608
28001
27300
26556
25831
25007
24143
23311
22374
21478
20474
19438
18454
17360
16238
15179
14009
12909
11698
10469
9319
8059
6786
5601
4310
3111
1808
502
-703
-2009
-3311
-4509
-5799
-6982
-8253
-9511
-10659
-11886
-13094
-14191
-15357
-16499
-17530
-18620
-19599
-20631
-21629
-22521
-23452
-24346
-25136
-25954
-26673
-27411
-28105
-28706
-29313
-29873
-30349
-30817
-31206
-31580
-31903
-32156
-32382
-32556
-32670
-32744
-32766
-32740
-32662
-32544
-32366
-32137
-31880
-31553
-31175
-30783
-30311
-29832
-29268
-28657
-28053
-27355
-26615
-25893
-25072
-24278
-23382
-22448
-21554
-20553
-19519
-18537
-17445
-16325
-15268
-14100
-13002
-11792
-10564
-9415
-8156
-6884
-5700
-4409
-3211
-1908
-603
603
1908
3211
4409
5700
6884
8156
9415
10564
11792
13002
14100
15268
16412
17445
18537
19519
20553
21554
22448
23382
24278
25072
25893
26615
27355
28053
28657
29268
29832
30311
30783
31175
31553
31880
32137
32366
32544
32662
32740
32766
32744
32670
32556
32382
32156
31903
31580
31206
30817
30349
29873
29313
28706
28105
27411
26673
25954
25136
24346
23452
22521
21629
20631
19599
18620
17530
16499
15357
14191
13094
11886
10659
9511
8253
6982
5799
4509
3311
2009
703
-502
-1808
-3111
-4310
-5601
-6786
-8059
-9319
-10469
-11698
-12909
-14009
-15179
-16238
-17360
-18454
-19438
-20474
-21478
-22374
-23311
-24211
-25007
-25831
-26556
-27300
-28001
-28608
-29222
-29790
-30272
-30748
-31144
-31525
-31856
-32117
-32350
-32532
-32654
-32736
-32766
-32748
-32678
-32567
-32397
-32176
-31926
-31606
-31236
-30851
-30386
-29915
-29358
-28754
-28156
-27466
-26731
-26016
-25201
-24413
-23522
-22594
-21705
-20709
-19680
-18702
-17615
-16586
-15446
-14281
-13186
-11980
-10754
-9607
-8351
-7081
-5898
-4608
-3411
-2109
-804
402
1708
3011
4210
5502
6688
7961
9222
10373
11604
12817
13918
15090
16150
17274
18371
19357
20396
21402
22301
23240
24075
24942
25769
26497
27244
27948
28559
29177
29748
30234
30713
31113
31498
31833
32097
32334
32520
32646
32732
32765
32751
32685
32578
32412
32194
31948
31633
31297
30885
30424
29955
29402
28802
28208
27520
26789
26077
25265
24480
23592
22666
21780
20787
19760
18785
17699
16672
15534
14372
13278
12073
10849
9703
8448
7277
5997
4708
3511
2209
904
-301
-1607
-2911
-4110
-5403
-6589
-7864
-9126
-10278
-11510
-12724
-13827
-15001
-16063
-17189
-18287
-19276
-20317
-21326
-22227
-23169
-24006
-24877
-25707
-26437
-27188
-27896
-28510
-29131
-29706
-30195
-30678
-31081
-31470
-31809
-32077
-32318
-32508
-32637
-32727
-32764
-32754
-32692
-32588
-32426
-32213
-31970
-31659
-31326
-30918
-30461
-29996
-29446
-28850
-28259
-27575
-26905
-26137
-25329
-24546
-23661
-22739
-21855
-20864
-19840
-18867
-17784
-16759
-15623
-14462
-13370
-12166
-10944
-9799
-8545
-7375
-6096
-4807
-3611
-2310
-1005
201
1507
2711
4011
5304
6491
7766
9029
10182
11416
12632
13736
14911
15975
17103
18204
19194
20238
21249
22153
23098
23938
24811
25645
26378
27132
27843
28460
29085
29621
30156
30643
31049
31442
31785
32056
32301
32495
32628
32722
32763
32757
32699
32599
32441
32231
31992
31684
31356
30951
30498
30036
29490
28897
28309
27629
26962
26198
25392
24613
23731
22811
21930
20942
19920
18949
17868
16845
15711
14552
13462
12260
11038
9895
8642
7473
6195
4907
3711
2410
1105
-100
-1406
-2610
-3911
-5205
-6392
-7668
-8932
-10087
-11322
-12446
-13645
-14822
-15887
-17017
-18120
-19113
-20159
-21173
-22079
-23027
-23869
-24745
-25582
-26318
-27076
-27790
-28410
-29038
-29577
-30116
-30607
-31017
-31413
-31760
-32035
-32284
-32468
-32618
-32717
-32761
-32759
-32705
-32609
-32455
-32249
-32014
-31710
-31385
-30984
-30535
-30076
-29534
-28945
-28360
-27683
-27019
-26258
-25456
-24679
-23800
-22883
-22004
-21019
-20079
-19031
-17952
-16931
-15799
-14642
-13553
-12353
-11133
-9991
-8739
-7571
-6293
-5006
-3811
-2510
-1206
0
1306
2510
3811
5106
6293
7571
8836
9991
11227
12353
13553
14732
15799
16931
18036
19031
20079
21096
22004
22955
23800
24679
25519
26258
27019
27736
28360
28992
29534
30076
30571
30984
31385
31735
32014
32267
32455
32609
32711
32759
32761
32711
32618
32468
32267
32035
31735
31413
31017
30571
30116
29577
28992
28410
27736
27076
26318
25519
24745
23869
22955
22079
21096
20159
19113
18036
17017
15887
14732
13645
12446
11322
10087
8836
7668
6392
5106
3911
2610
1306
100
-1206
-2410
-3711
-5006
-6195
-7473
-8739
-9895
-11133
-12260
-13462
-14642
-15711
-16845
-17952
-18949
-20000
-20942
-21930
-22883
-23731
-24613
-25456
-26198
-26962
-27683
-28309
-28945
-29490
-30036
-30535
-30951
-31356
-31710
-31992
-32249
-32441
-32599
-32705
-32757
-32763
-32717
-32628
-32482
-32301
-32056
-31760
-31442
-31049
-30607
-30156
-29621
-29038
-28460
-27790
-27132
-26378
-25582
-24811
-23938
-23027
-22153
-21173
-20238
-19194
-18120
-17103
-15975
-14822
-13736
-12539
-11416
-10182
-8932
-7766
-6491
-5205
-4011
-2711
-1406
-201
1105
2310
3611
4907
6096
7375
8642
9799
11038
12166
13370
14552
15623
16759
17868
18867
19920
20864
21855
22811
23661
24546
25392
26137
26905
27575
28259
28897
29446
29996
30498
30918
31326
31684
31970
32231
32426
32588
32699
32754
32764
32722
32637
32495
32318
32077
31785
31470
31081
30643
30195
29663
29131
28510
27843
27188
26437
25645
24877
24006
23098
22227
21249
20317
19276
18204
17189
16063
14911
13827
12632
11510
10278
9029
7864
6589
5304
4110
2811
1607
301
-1005
-2209
-3511
-4807
-5997
-7277
-8545
-9703
-10944
-12073
-13278
-14462
-15534
-16672
-17784
-18785
-19840
-20787
-21780
-22739
-23592
-24480
-25329
-26077
-26847
-27520
-28208
-28850
-29402
-29955
-30461
-30885
-31297
-31659
-31948
-32213
-32412
-32578
-32692
-32751
-32765
-32727
-32646
-32508
-32334
-32097
-31809
-31498
-31113
-30678
-30234
-29706
-29177
-28559
-27896
-27244
-26497
-25707
-24942
-24075
-23240
-22301
-21326
-20396
-19357
-18287
-17274
-16150
-15001
-13918
-12724
-11604
-10373
-9126
-7961
-6688
-5403
-4210
-2911
-1708
-402
904
2109
3411
4708
5898
7179
8351
9607
10849
11980
13186
14372
15446
16586
17699
18702
19760
20709
21705
22666
23522
24413
25265
26016
26789
27466
28156
28802
29358
29915
30424
30851
31267
31606
31926
32194
32397
32567
32685
32748
32766
32732
32654
32520
32350
32117
31833
31525
31144
30713
30272
29748
29222
28608
27948
27300
26556
25769
25007
24143
23311
22374
21402
20474
19438
18371
17360
16238
15090
14009
12817
11698
10469
9222
8059
6786
5502
4310
3011
1808
502
-804
-2009
-3311
-4608
-5799
-7081
-8253
-9511
-10754
-11886
-13094
-14281
-15357
-16499
-17615
-18620
-19680
-20631
-21629
-22594
-23452
-24346
-25201
-25954
-26731
-27411
-28105
-28754
-29313
-29873
-30386
-30817
-31236
-31580
-31903
-32176
-32382
-32556
-32678
-32744
-32766
-32740
-32662
-32532
-32366
-32137
-31856
-31553
-31175
-30748
-30311
-29790
-29268
-28657
-28001
-27355
-26615
-25831
-25072
-24211
-23382
-22448
-21478
-20553
-19519
-18454
-17445
-16325
-15268
-14100
-12909
-11792
-10564
-9319
-8156
-6884
-5601
-4409
-3111
-1908
-603
703
1908
3211
4509
5700
6982
8156
9415
10659
11792
13002
14191
15268
16412
17445
18537
19599
20553
21554
22521
23382
24278
25136
25893
26673
27355
28053
28706
29268
29832
30349
30783
31206
31553
31880
32156
32366
32544
32670
32740
32767
32744
32670
32544
32382
32156
31880
31580
31206
30783
30349
29832
29313
28706
28053
27411
26673
25893
25136
24278
23452
22521
21554
20631
19599
18537
17530
16412
15357
14191
13002
11886
10659
9415
8253
6982
5799
4509
3211
2009
703
-603
-1808
-3111
-4409
-5601
-6884
-8059
-9319
-10564
-11698
-12909
-14100
-15179
-16325
-17360
-18454
-19519
-20474
-21478
-22448
-23311
-24211
-25007
-25831
-26615
-27300
-28001
-28657
-29222
-29790
-30311
-30748
-31175
-31525
-31856
-32137
-32350
-32532
-32662
-32736
-32766
-32748
-32678
-32556
-32397
-32176
-31903
-31606
-31236
-30851
-30386
-29873
-29358
-28754
-28105
-27466
-26731
-25954
-25201
-24346
-23522
-22594
-21629
-20709
-19680
-18620
-17615
-16499
-15446
-14281
-13094
-11980
-10754
-9511
-8351
-7081
-5898
-4608
-3311
-2109
-804
502
1708
3011
4310
5502
6786
7961
9222
10469
11604
12817
14009
15090
16238
17274
18371
19438
20396
21402
22374
23240
24143
24942
25769
26556
27244
27948
28608
29177
29748
30234
30713
31144
31498
31833
32117
32334
32520
32654
32732
32766
32751
32685
32567
32412
32194
31926
31633
31267
30885
30424
29915
29402
28802
28156
27520
26789
26077
25265
24413
23592
22666
21705
20787
19760
18702
17699
16586
15534
14372
13186
12073
10849
9607
8448
7179
5997
4708
3411
2209
904
-402
-1607
-2911
-4110
-5403
-6688
-7864
-9126
-10373
-11510
-12724
-13918
-15001
-16150
-17189
-18287
-19357
-20317
-21326
-22301
-23169
-24075
-24877
-25707
-26497
-27188
-27896
-28559
-29131
-29706
-30195
-30678
-31113
-31470
-31809
-32097
-32318
-32508
-32646
-32727
-32765
-32754
-32692
-32578
-32426
-32213
-31948
-31659
-31297
-30918
-30461
-29955
-29446
-28850
-28208
-27575
-26847
-26137
-25329
-24480
-23661
-22739
-21780
-20864
-19840
-18785
-17784
-16672
-15623
-14462
-13278
-12166
-10944
-9703
-8545
-7277
-6096
-4807
-3511
-2310
-1005
301
1507
2811
4011
5304
6589
7766
9029
10278
11416
12632
13736
14911
16063
17103
18204
19276
20238
21249
22227
23098
24006
24811
25645
26437
27132
27843
28510
29085
29663
30156
30643
31081
31442
31785
32077
32301
32495
32628
32722
32764
32757
32699
32588
32441
32231
31970
31684
31326
30951
30498
29996
29490
28897
28259
27629
26905
26198
25392
24546
23731
22811
21855
20942
19920
18949
17868
16759
15711
14552
13370
12260
11038
9799
8642
7375
6195
4907
3611
2410
1105
-201
-1406
-2711
-3911
-5205
-6491
-7668
-8932
-10182
-11322
-12539
-13645
-14822
-15975
-17017
-18120
-19194
-20159
-21173
-22153
-23027
-23938
-24745
-25582
-26378
-27076
-27790
-28460
-29038
-29621
-30116
-30607
-31049
-31413
-31760
-32056
-32284
-32482
-32618
-32717
-32763
-32759
-32705
-32599
-32455
-32249
-32014
-31710
-31356
-30984
-30535
-30036
-29534
-28945
-28309
-27683
-26962
-26258
-25456
-24613
-23800
-22883
-21930
-21019
-20000
-19031
-17952
-16845
-15799
-14642
-13462
-12353
-11133
-9991
-8739
-7473
-6293
-5006
-3711
-2510
-1206
100
1306
2610
3811
5106
6392
7571
8836
10087
11227
12446
13553
14732
15887
16931
18036
19113
20079
21096
22004
22955
23869
24679
25519
26318
27019
27736
28410
28992
29577
30076
30571
31017
31385
31735
32035
32267
32468
32609
32711
32761
32761
32711
32609
32468
32267
32035
31735
31385
31017
30571
30076
29577
28992
28360
27736
27019
26318
25519
24679
23869
22955
22004
21096
20079
19113
18036
16931
15887
14732
13553
12446
11227
10087
8836
7571
6392
5106
3811
2610
1306
100
-1206
-2510
-3711
-5006
-6293
-7473
-8739
-9991
-11133
-12353
-13462
-14642
-15799
-16845
-17952
-19031
-20000
-21019
-21930
-22883
-23800
-24613
-25456
-26258
-26962
-27683
-28309
-28945
-29534
-30036
-30535
-30984
-31356
-31710
-32014
-32249
-32455
-32599
-32705
-32759
-32763
-32717
-32618
-32482
-32284
-32056
-31760
-31413
-31049
-30607
-30116
-29621
-29038
-28460
-27790
-27076
-26378
-25582
-24745
-23938
-23027
-22079
-21173
-20159
-19194
-18120
-17017
-15975
-14822
-13645
-12539
-11322
-10182
-8932
-7668
-6491
-5205
-3911
-2711
-1406
-201
1105
2410
3611
4907
6195
7375
8642
9895
11038
12260
13370
14552
15711
16759
17868
18949
19920
20942
21855
22811
23731
24546
25392
26198
26905
27629
28259
28897
29490
29996
30498
30951
31326
31684
31992
32231
32441
32588
32699
32757
32764
32722
32628
32495
32301
32077
31785
31442
31081
30643
30156
29663
29085
28510
27843
27132
26437
25645
24811
24006
23098
22227
21249
20238
19276
18204
17103
16063
14911
13736
12632
11416
10278
9029
7766
6589
5304
4011
2811
1507
301
-1005
-2310
-3511
-4807
-6096
-7277
-8545
-9703
-10944
-12166
-13278
-14462
-15623
-16672
-17784
-18867
-19840
-20864
-21780
-22739
-23661
-24480
-25329
-26137
-26847
-27575
-28208
-28850
-29446
-29955
-30461
-30918
-31297
-31659
-31948
-32213
-32426
-32578
-32692
-32754
-32765
-32727
-32637
-32508
-32318
-32097
-31809
-31470
-31113
-30678
-30195
-29706
-29131
-28559
-27896
-27188
-26497
-25707
-24877
-24075
-23169
-22301
-21326
-20317
-19357
-18287
-17189
-16150
-15001
-13827
-12724
-11510
-10373
-9126
-7864
-6688
-5403
-4110
-2911
-1607
-402
904
2209
3411
4708
5997
7179
8448
9607
10849
12073
13186
14372
15534
16586
17699
18702
19760
20787
21705
22666
23592
24413
25265
26077
26789
27520
28156
28802
29402
29915
30424
30885
31267
31633
31926
32194
32412
32567
32685
32751
32766
32732
32654
32520
32334
32117
31833
31498
31144
30713
30234
29748
29177
28608
27948
27244
26556
25769
24942
24143
23240
22374
21402
20396
19438
18371
17274
16238
15090
14009
12817
11604
10469
9222
7961
6786
5502
4210
3011
1708
502
-804
-2109
-3311
-4608
-5898
-7081
-8351
-9511
-10754
-11980
-13094
-14281
-15446
-16499
-17615
-18620
-19680
-20709
-21629
-22594
-23522
-24346
-25201
-26016
-26731
-27466
-28105
-28754
-29358
-29873
-30386
-30851
-31236
-31606
-31903
-32176
-32397
-32556
-32678
-32748
-32766
-32736
-32662
-32532
-32350
-32137
-31856
-31525
-31175
-30748
-30311
-29790
-29222
-28657
-28001
-27300
-26615
-25831
-25007
-24211
-23311
-22448
-21478
-20474
-19519
-18454
-17360
-16325
-15179
-14100
-12909
-11698
-10564
-9319
-8059
-6884
-5601
-4409
-3111
-1808
-603
703
2009
3211
4509
5799
6982
8253
9415
10659
11886
13002
14191
15357
16412
17530
18537
19599
20631
21554
22521
23452
24278
25136
25893
26673
27411
28053
28706
29313
29832
30349
30817
31206
31580
31880
32156
32382
32544
32670
32744
32767
32740
32670
32544
32366
32156
31880
31553
31206
30783
30349
29832
29268
28706
28053
27355
26673
25893
25072
24278
23382
22521
21554
20553
19599
18537
17445
16412
15268
14191
13002
11792
10659
9415
8156
6982
5700
4509
3211
1908
703
-603
-1908
-3111
-4409
-5700
-6884
-8156
-9319
-10564
-11792
-12909
-14100
-15268
-16325
-17445
-18454
-19519
-20553
-21478
-22448
-23382
-24211
-25072
-25831
-26615
-27355
-28001
-28657
-29268
-29790
-30311
-30748
-31175
-31553
-31856
-32137
-32366
-32532
-32662
-32740
-32766
-32744
-32678
-32556
-32382
-32176
-31903
-31580
-31236
-30817
-30386
-29873
-29313
-28754
-28105
-27411
-26731
-25954
-25201
-24346
-23452
-22594
-21629
-20631
-19680
-18620
-17530
-16499
-15357
-14281
-13094
-11886
-10754
-9511
-8253
-7081
-5799
-4608
-3311
-2009
-804
502
1808
3011
4310
5502
6786
8059
9222
10469
11698
12817
14009
15179
16238
17360
18371
19438
20474
21402
22374
23311
24143
25007
25769
26556
27300
27948
28608
29222
29748
30272
30713
31144
31525
31833
32117
32350
32520
32654
32736
32766
32748
32685
32567
32397
32194
31926
31606
31267
30851
30424
29915
29358
28802
28156
27466
26789
26016
25265
24413
23522
22666
21705
20709
19760
18702
17699
16586
15446
14372
13186
11980
10849
9607
8351
7179
5898
4708
3411
2109
904
-402
-1708
-2911
-4210
-5403
-6688
-7961
-9126
-10373
-11604
-12724
-13918
-15001
-16150
-17274
-18287
-19357
-20396
-21326
-22301
-23240
-24075
-24942
-25707
-26497
-27244
-27896
-28559
-29177
-29706
-30234
-30678
-31113
-31498
-31809
-32097
-32334
-32508
-32646
-32727
-32765
-32751
-32692
-32578
-32412
-32213
-31948
-31633
-31297
-30885
-30461
-29955
-29402
-28850
-28208
-27520
-26847
-26077
-25329
-24480
-23592
-22739
-21780
-20787
-19840
-18785
-17784
-16672
-15534
-14462
-13278
-12073
-10944
-9703
-8448
-7277
-5997
-4807
-3511
-2209
-1005
301
1607
2811
4110
5304
6589
7864
9029
10278
11510
12632
13827
14911
16063
17189
18204
19276
20317
21249
22227
23098
24006
24877
25645
26437
27188
27843
28510
29131
29663
30195
30643
31081
31470
31785
32077
32318
32495
32637
32722
32764
32754
32699
32588
32426
32231
31970
31684
31326
30918
30498
29996
29446
28897
28259
27575
26905
26137
25392
24546
23661
22811
21855
20864
19920
18867
17868
16759
15623
14552
13370
12166
11038
9799
8642
7375
6096
4907
3611
2310
1105
-201
-1507
-2711
-4011
-5205
-6491
-7766
-8932
-10182
-11416
-12539
-13736
-14822
-15975
-17103
-18120
-19194
-20238
-21173
-22153
-23027
-23938
-24811
-25582
-26378
-27132
-27790
-28460
-29085
-29621
-30156
-30607
-31049
-31442
-31760
-32056
-32301
-32482
-32628
-32717
-32763
-32757
-32705
-32599
-32441
-32249
-31992
-31710
-31356
-30951
-30535
-30036
-29490
-28945
-28309
-27629
-26962
-26198
-25456
-24613
-23731
-22883
-21930
-20942
-20000
-18949
-17952
-16845
-15711
-14642
-13462
-12260
-11133
-9895
-8739
-7473
-6195
-5006
-3711
-2410
-1206
100
1306
2610
3911
5106
6392
7668
8836
10087
11322
12446
13645
14732
15887
17017
18036
19113
20159
21096
22079
22955
23869
24745
25519
26318
27076
27736
28410
28992
29577
30116
30571
31017
31413
31735
32035
32284
32468
32618
32711
32761
32759
32711
32609
32455
32267
32014
31735
31385
30984
30571
30076
29534
28992
28360
27736
27019
26258
25519
24679
23800
22955
22004
21019
20079
19031
18036
16931
15799
14732
13553
12353
11227
9991
8836
7571
6293
5106
3811
2510
1306
0
-1206
-2510
-3811
-5006
-6293
-7571
-8739
-9991
-11227
-12353
-13553
-14642
-15799
-16931
-17952
-19031
-20079
-21019
-22004
-22883
-23800
-24679
-25456
-26258
-27019
-27683
-28360
-28945
-29534
-30076
-30535
-30984
-31385
-31710
-32014
-32249
-32455
-32609
-32705
-32759
-32761
-32717
-32618
-32468
-32284
-32035
-31760
-31413
-31017
-30607
-30116
-29577
-29038
-28410
-27790
-27076
-26318
-25582
-24745
-23869
-23027
-22079
-21173
-20159
-19113
-18120
-17017
-15887
-14822
-13645
-12446
-11322
-10087
-8932
-7668
-6392
-5205
-3911
-2610
-1406
-100
1105
2410
3711
4907
6195
7473
8642
9895
11038
12260
13462
14552
15711
16845
17868
18949
20000
20942
21930
22811
23731
24613
25392
26198
26962
27629
28309
28897
29490
30036
30498
30951
31356
31684
31992
32231
32441
32599
32699
32757
32763
