0
301
703
1005
1406
1708
2109
2410
2811
3111
3511
3811
4210
4608
4907
5304
5601
5997
6293
6688
6982
7375
7668
8059
8351
8739
9126
9415
9799
10087
10469
10754
11133
11416
11792
12073
12446
12817
13094
13462
13736
14100
14372
14732
15001
15357
15623
15975
16238
16586
16931
17189
17530
17784
18120
18371
18702
18949
19276
19519
19840
20159
20396
20709
20942
21249
21478
21780
22004
22301
22521
22811
23027
23311
23592
23800
24075
24278
24546
24745
25007
25201
25456
25645
25893
26137
26318
26556
26731
26962
27132
27355
27520
27736
27896
28105
28259
28460
28657
28802
28992
29131
29313
29446
29621
29748
29915
30036
30195
30349
30461
30607
30713
30851
30951
31081
31175
31297
31385
31498
31580
31684
31785
31856
31948
32014
32097
32156
32231
32284
32350
32397
32455
32495
32544
32588
32618
32654
32678
32705
32722
32740
32751
32761
32765
32766
32763
32757
32744
32732
32711
32692
32662
32637
32599
32567
32520
32482
32426
32366
32318
32249
32194
32117
32056
31970
31903
31809
31735
31633
31525
31442
31326
31236
31113
31017
30885
30783
30643
30535
30386
30272
30116
29955
29832
29663
29534
29358
29222
29038
28897
28706
28559
28360
28156
28001
27790
27629
27411
27244
27019
26847
26615
26437
26198
26016
25769
25519
25329
25072
24877
24613
24413
24143
23938
23661
23452
23169
22883
22666
22374
22153
21855
21629
21326
21096
20787
20553
20238
20000
19680
19357
19113
18785
18537
18204
17952
17615
17360
17017
16759
16412
16063
15799
15446
15179
14822
14552
14191
13918
13553
13278
12909
12632
12260
11886
11604
11227
10944
10564
10278
9895
9607
9222
8932
8545
8253
7864
7473
7179
6786
6491
6096
5799
5403
5106
4708
4409
4011
3611
3311
2911
2610
2209
1908
1507
1206
804
502
100
-201
-603
-1005
-1306
-1708
-2009
-2410
-2711
-3111
-3411
-3811
-4110
-4509
-4907
-5205
-5601
-5898
-6293
-6589
-6982
-7277
-7668
-7961
-8351
-8642
-9029
-9415
-9703
-10087
-10373
-10754
-11038
-11416
-11698
-12073
-12353
-12724
-13094
-13370
-13736
-14009
-14372
-14642
-15001
-15268
-15623
-15887
-16238
-16499
-16845
-17189
-17445
-17784
-18036
-18371
-18620
-18949
-19194
-19519
-19760
-20079
-20396
-20631
-20942
-21173
-21478
-21705
-22004
-22227
-22521
-22739
-23027
-23240
-23522
-23800
-24006
-24278
-24480
-24745
-24942
-25201
-25392
-25645
-25831
-26077
-26258
-26497
-26731
-26905
-27132
-27300
-27520
-27683
-27896
-28053
-28259
-28410
-28608
-28802
-28945
-29131
-29268
-29446
-29577
-29748
-29873
-30036
-30156
-30311
-30424
-30571
-30713
-30817
-30951
-31049
-31175
-31267
-31385
-31470
-31580
-31659
-31760
-31856
-31926
-32014
-32077
-32156
-32213
-32284
-32334
-32397
-32441
-32495
-32532
-32578
-32618
-32646
-32678
-32699
-32722
-32736
-32751
-32759
-32765
-32767
-32764
-32757
-32748
-32732
-32717
-32692
-32670
-32637
-32609
-32567
-32532
-32482
-32441
-32382
-32318
-32267
-32194
-32137
-32056
-31992
-31903
-31833
-31735
-31659
-31553
-31442
-31356
-31236
-31144
-31017
-30918
-30783
-30678
-30535
-30424
-30272
-30156
-29996
-29832
-29706
-29534
-29402
-29222
-29085
-28897
-28754
-28559
-28410
-28208
-28001
-27843
-27629
-27466
-27244
-27076
-26847
-26673
-26437
-26258
-26016
-25831
-25582
-25329
-25136
-24877
-24679
-24413
-24211
-23938
-23731
-23452
-23240
-22955
-22739
-22448
-22153
-21930
-21629
-21402
-21096
-20864
-20553
-20317
-20000
-19760
-19438
-19113
-18867
-18537
-18287
-17952
-17699
-17360
-17103
-16759
-16499
-16150
-15887
-15534
-15179
-14911
-14552
-14281
-13918
-13645
-13278
-13002
-12632
-12353
-11980
-11604
-11322
-10944
-10659
-10278
-9991
-9607
-9319
-8932
-8642
-8253
-7961
-7571
-7179
-6884
-6491
-6195
-5799
-5502
-5106
-4807
-4409
-4110
-3711
-3311
-3011
-2610
-2310
-1908
-1607
-1206
-904
-502
-201
201
502
904
1306
1607
2009
2310
2711
3011
3411
3711
4110
4409
4807
5205
5502
5898
6195
6589
6884
7277
7571
7961
8253
8642
8932
9319
9703
9991
10373
10659
11038
11322
11698
11980
12353
12632
13002
13370
13645
14009
14281
14642
14911
15268
15534
15887
16150
16499
16759
17103
17445
17699
18036
18287
18620
18867
19194
19438
19760
20000
20317
20553
20864
21173
21402
21705
21930
22227
22448
22739
22955
23240
23452
23731
24006
24211
24480
24679
24942
25136
25392
25582
25831
26016
26258
26437
26673
26905
27076
27300
27466
27683
27843
28053
28208
28410
28559
28754
28945
29085
29268
29402
29577
29706
29873
29996
30156
30272
30424
30535
30678
30817
30918
31049
31144
31267
31356
31470
31553
31659
31735
31833
31926
31992
32077
32137
32213
32267
32334
32382
32441
32482
32532
32567
32609
32646
32670
32699
32717
32736
32748
32759
32764
32767
32765
32759
32748
32736
32717
32699
32670
32646
32609
32578
32532
32495
32441
32397
32334
32267
32213
32137
32077
31992
31926
31833
31760
31659
31580
31470
31385
31267
31144
31049
30918
30817
30678
30571
30424
30311
30156
30036
29873
29706
29577
29402
29268
29085
28945
28754
28608
28410
28259
28053
27896
27683
27466
27300
27076
26905
26673
26497
26258
26077
25831
25645
25392
25136
24942
24679
24480
24211
24006
23731
23522
23240
23027
22739
22521
22227
21930
21705
21402
21173
20864
20631
20317
20079
19760
19519
19194
18867
18620
18287
18036
17699
17445
17103
16845
16499
16238
15887
15623
15268
14911
14642
14281
14009
13645
13370
13002
12724
12353
12073
11698
11322
11038
10659
10373
9991
9703
9319
9029
8642
8351
7961
7668
7277
6884
6589
6195
5898
5502
5205
4807
4509
4110
3811
3411
3011
2711
2310
2009
1607
1306
904
603
201
-100
-502
-804
-1206
-1607
-1908
-2310
-2610
-3011
-3311
-3711
-4011
-4409
-4708
-5106
-5403
-5799
-6195
-6491
-6884
-7179
-7571
-7864
-8253
-8545
-8932
-9222
-9607
-9991
-10278
-10659
-10944
-11322
-11604
-11980
-12260
-12632
-12909
-13278
-13553
-13918
-14281
-14552
-14911
-15179
-15534
-15799
-16150
-16412
-16759
-17017
-17360
-17699
-17952
-18287
-18537
-18867
-19113
-19438
-19680
-20000
-20238
-20553
-20787
-21096
-21402
-21629
-21930
-22153
-22448
-22666
-22955
-23169
-23452
-23661
-23938
-24211
-24413
-24679
-24877
-25136
-25329
-25582
-25769
-26016
-26198
-26437
-26615
-26847
-27076
-27244
-27466
-27629
-27843
-28001
-28208
-28360
-28559
-28706
-28897
-29085
-29222
-29402
-29534
-29706
-29832
-29996
-30116
-30272
-30386
-30535
-30643
-30783
-30918
-31017
-31144
-31236
-31356
-31442
-31553
-31633
-31735
-31809
-31903
-31992
-32056
-32137
-32194
-32267
-32318
-32382
-32426
-32482
-32520
-32567
-32599
-32637
-32670
-32692
-32717
-32732
-32748
-32757
-32764
-32766
-32765
-32761
-32751
-32740
-32722
-32699
-32678
-32646
-32618
-32578
-32544
-32495
-32455
-32397
-32350
-32284
-32213
-32156
-32077
-32014
-31926
-31856
-31760
-31684
-31580
-31498
-31385
-31297
-31175
-31049
-30951
-30817
-30713
-30571
-30461
-30311
-30195
-30036
-29915
-29748
-29577
-29446
-29268
-29131
-28945
-28802
-28608
-28460
-28259
-28105
-27896
-27736
-27520
-27300
-27132
-26905
-26731
-26497
-26318
-26077
-25893
-25645
-25456
-25201
-24942
-24745
-24480
-24278
-24006
-23800
-23522
-23311
-23027
-22811
-22521
-22301
-22004
-21705
-21478
-21173
-20942
-20631
-20396
-20079
-19840
-19519
-19276
-18949
-18620
-18371
-18036
-17784
-17445
-17189
-16845
-16586
-16238
-15975
-15623
-15357
-15001
-14642
-14372
-14009
-13736
-13370
-13094
-12724
-12446
-12073
-11792
-11416
-11133
-10754
-10373
-10087
-9703
-9415
-9029
-8739
-8351
-8059
-7668
-7375
-6982
-6589
-6293
-5898
-5601
-5205
-4907
-4509
-4210
-3811
-3511
-3111
-2811
-2410
-2009
-1708
-1306
-1005
-603
-301
100
402
804
1105
1507
1908
2209
2610
2911
3311
3611
4011
4310
4708
5006
5403
5700
6096
6491
6786
7179
7473
7864
8156
8545
8836
9222
9511
9895
10278
10564
10944
11227
11604
11886
12260
12539
12909
13186
13553
13827
14191
14552
14822
15179
15446
15799
16063
16412
16672
17017
17274
17615
17952
18204
18537
18785
19113
19357
19680
19920
20238
20474
20787
21019
21326
21629
21855
22153
22374
22666
22883
23169
23382
23661
23869
24143
24413
24613
24877
25072
25329
25519
25769
25954
26198
26378
26615
26789
27019
27244
27411
27629
27790
28001
28156
28360
28510
28706
28850
29038
29177
29358
29534
29663
29832
29955
30116
30234
30386
30498
30643
30748
30885
31017
31113
31236
31326
31442
31525
31633
31710
31809
31880
31970
32035
32117
32194
32249
32318
32366
32426
32468
32520
32556
32599
32628
32662
32692
32711
32732
32744
32757
32763
32766
32766
32761
32754
32740
32727
32705
32678
32654
32618
32588
32544
32508
32455
32412
32350
32301
32231
32156
32097
32014
31948
31856
31785
31684
31606
31498
31413
31297
31206
31081
30951
30851
30713
30607
30461
30349
30195
30076
29915
29790
29621
29446
29313
29131
28992
28802
28657
28460
28309
28105
27948
27736
27575
27355
27132
26962
26731
26556
26318
26137
25893
25707
25456
25265
25007
24745
24546
24278
24075
23800
23592
23311
23098
22811
22594
22301
22079
21780
21478
21249
20942
20709
20396
20159
19840
19599
19276
19031
18702
18454
18120
17784
17530
17189
16931
16586
16325
15975
15711
15357
15090
14732
14372
14100
13736
13462
13094
12817
12446
12166
11792
11510
11133
10849
10469
10087
9799
9415
9126
8739
8448
8059
7766
7375
7081
6688
6293
5997
5601
5304
4907
4608
4210
3911
3511
3211
2811
2510
2109
1708
1406
1005
703
301
0
-402
-703
-1105
-1406
-1808
-2209
-2510
-2911
-3211
-3611
-3911
-4310
-4608
-5006
-5304
-5700
-5997
-6392
-6786
-7081
-7473
-7766
-8156
-8448
-8836
-9126
-9511
-9799
-10182
-10564
-10849
-11227
-11510
-11886
-12166
-12539
-12817
-13186
-13462
-13827
-14100
-14462
-14822
-15090
-15446
-15711
-16063
-16325
-16672
-16931
-17274
-17530
-17868
-18120
-18454
-18785
-19031
-19357
-19599
-19920
-20159
-20474
-20709
-21019
-21249
-21554
-21855
-22079
-22374
-22594
-22883
-23098
-23382
-23592
-23869
-24075
-24346
-24546
-24811
-25072
-25265
-25519
-25707
-25954
-26137
-26378
-26556
-26789
-26962
-27188
-27411
-27575
-27790
-27948
-28156
-28309
-28510
-28657
-28850
-28992
-29177
-29313
-29490
-29663
-29790
-29955
-30076
-30234
-30349
-30498
-30607
-30748
-30851
-30984
-31113
-31206
-31326
-31413
-31525
-31606
-31710
-31785
-31880
-31948
-32035
-32097
-32176
-32249
-32301
-32366
-32412
-32468
-32508
-32556
-32588
-32628
-32654
-32685
-32711
-32727
-32744
-32754
-32763
-32766
-32766
-32763
-32754
-32744
-32727
-32711
-32685
-32654
-32628
-32588
-32556
-32508
-32468
-32412
-32366
-32301
-32249
-32176
-32097
-32035
-31948
-31880
-31785
-31710
-31606
-31525
-31413
-31326
-31206
-31113
-30984
-30851
-30748
-30607
-30498
-30349
-30234
-30076
-29955
-29790
-29663
-29490
-29358
-29177
-28992
-28850
-28657
-28510
-28309
-28156
-27948
-27790
-27575
-27411
-27188
-26962
-26789
-26556
-26378
-26137
-25954
-25707
-25519
-25265
-25072
-24811
-24613
-24346
-24075
-23869
-23592
-23382
-23098
-22883
-22594
-22374
-22079
-21855
-21554
-21249
-21019
-20709
-20474
-20159
-19920
-19599
-19357
-19031
-18785
-18454
-18204
-17868
-17530
-17274
-16931
-16672
-16325
-16063
-15711
-15446
-15090
-14822
-14462
-14100
-13827
-13462
-13186
-12817
-12539
-12166
-11886
-11510
-11227
-10849
-10564
-10182
-9799
-9511
-9126
-8836
-8448
-8156
-7766
-7473
-7081
-6786
-6392
-5997
-5700
-5304
-5006
-4608
-4310
-3911
-3611
-3211
-2911
-2510
-2209
-1808
-1406
-1105
-703
-402
0
301
703
1005
1406
1708
2109
2510
2811
3211
3511
3911
4210
4608
4907
5304
5601
5997
6293
6688
7081
7375
7766
8059
8448
8739
9126
9415
9799
10087
10469
10754
11133
11510
11792
12166
12446
12817
13094
13462
13736
14100
14372
14732
15090
15357
15711
15975
16325
16586
16931
17189
17530
17784
18120
18371
18702
19031
19276
19599
19840
20159
20396
20709
20942
21249
21478
21780
22079
22301
22594
22811
23098
23311
23592
23800
24075
24278
24546
24745
25007
25265
25456
25707
25893
26137
26318
26556
26731
26962
27132
27355
27575
27736
27948
28105
28309
28460
28657
28802
28992
29131
29313
29446
29621
29790
29915
30076
30195
30349
30461
30607
30713
30851
30951
31081
31206
31297
31413
31498
31606
31684
31785
31856
31948
32014
32097
32156
32231
32301
32350
32412
32455
32508
32544
32588
32618
32654
32678
32705
32722
32740
32754
32761
32766
32766
32763
32757
32744
32732
32711
32692
32662
32628
32599
32556
32520
32468
32426
32366
32318
32249
32194
32117
32056
31970
31880
31809
31710
31633
31525
31442
31326
31236
31113
31017
30885
30748
30643
30498
30386
30234
30116
29955
29832
29663
29534
29358
29222
29038
28850
28706
28510
28360
28156
28001
27790
27629
27411
27244
27019
26789
26615
26378
26198
25954
25769
25519
25329
25072
24877
24613
24413
24143
23869
23661
23382
23169
22883
22666
22374
22153
21855
21629
21326
21019
20787
20474
20238
19920
19680
19357
19113
18785
18537
18204
17952
17615
17274
17017
16672
16412
16063
15799
15446
15179
14822
14552
14191
13827
13553
13186
12909
12539
12260
11886
11604
11227
10944
10564
10278
9895
9511
9222
8836
8545
8156
7864
7473
7179
6786
6491
6096
5799
5403
5006
4708
4310
4011
3611
3311
2911
2610
2209
1908
1507
1105
804
402
100
-301
-603
-1005
-1306
-1708
-2009
-2410
-2711
-3111
-3511
-3811
-4210
-4509
-4907
-5205
-5601
-5898
-6293
-6589
-6982
-7375
-7668
-8059
-8351
-8739
-9029
-9415
-9703
-10087
-10373
-10754
-11038
-11416
-11792
-12073
-12446
-12724
-13094
-13370
-13736
-14009
-14372
-14642
-15001
-15357
-15623
-15975
-16238
-16586
-16845
-17189
-17445
-17784
-18036
-18371
-18620
-18949
-19276
-19519
-19840
-20079
-20396
-20631
-20942
-21173
-21478
-21705
-22004
-22301
-22521
-22811
-23027
-23311
-23522
-23800
-24006
-24278
-24480
-24745
-24942
-25201
-25456
-25645
-25893
-26077
-26318
-26497
-26731
-26905
-27132
-27300
-27520
-27736
-27896
-28105
-28259
-28460
-28608
-28802
-28945
-29131
-29268
-29446
-29577
-29748
-29915
-30036
-30195
-30311
-30461
-30571
-30713
-30817
-30951
-31049
-31175
-31267
-31385
-31498
-31580
-31684
-31760
-31856
-31926
-32014
-32077
-32156
-32213
-32284
-32350
-32397
-32455
-32495
-32544
-32578
-32618
-32646
-32678
-32699
-32722
-32736
-32751
-32761
-32765
-32766
-32764
-32757
-32748
-32732
-32717
-32692
-32670
-32637
-32599
-32567
-32520
-32482
-32426
-32382
-32318
-32267
-32194
-32137
-32056
-31992
-31903
-31809
-31735
-31633
-31553
-31442
-31356
-31236
-31144
-31017
-30918
-30783
-30643
-30535
-30386
-30272
-30116
-29996
-29832
-29706
-29534
-29402
-29222
-29085
-28897
-28706
-28559
-28360
-28208
-28001
-27843
-27629
-27466
-27244
-27076
-26847
-26615
-26437
-26198
-26016
-25769
-25582
-25329
-25136
-24877
-24679
-24413
-24211
-23938
-23661
-23452
-23169
-22955
-22666
-22448
-22153
-21930
-21629
-21402
-21096
-20864
-20553
-20238
-20000
-19680
-19438
-19113
-18867
-18537
-18287
-17952
-17699
-17360
-17017
-16759
-16412
-16150
-15799
-15534
-15179
-14911
-14552
-14281
-13918
-13645
-13278
-12909
-12632
-12260
-11980
-11604
-11322
-10944
-10659
-10278
-9991
-9607
-9222
-8932
-8545
-8253
-7864
-7571
-7179
-6884
-6491
-6195
-5799
-5502
-5106
-4708
-4409
-4011
-3711
-3311
-3011
-2610
-2310
-1908
-1607
-1206
-804
-502
-100
201
603
904
1306
1607
2009
2310
2711
3011
3411
3811
4110
4509
4807
5205
5502
5898
6195
6589
6884
7277
7668
7961
8351
8642
9029
9319
9703
9991
10373
10659
11038
11322
11698
12073
12353
12724
13002
13370
13645
14009
14281
14642
14911
15268
15623
15887
16238
16499
16845
17103
17445
17699
18036
18287
18620
18867
19194
19519
19760
20079
20317
20631
20864
21173
21402
21705
21930
22227
22448
22739
23027
23240
23522
23731
24006
24211
24480
24679
24942
25136
25392
25645
25831
26077
26258
26497
26673
26905
27076
27300
27466
27683
27843
28053
28259
28410
28608
28754
28945
29085
29268
29402
29577
29706
29873
30036
30156
30311
30424
30571
30678
30817
30918
31049
31144
31267
31356
31470
31580
31659
31760
31833
31926
31992
32077
32137
32213
32267
32334
32397
32441
32495
32532
32578
32609
32646
32670
32699
32717
32736
32748
32759
32765
32767
32764
32759
32748
32736
32717
32699
32670
32646
32609
32567
32532
32482
32441
32382
32334
32267
32213
32137
32077
31992
31926
31833
31735
31659
31553
31470
31356
31267
31144
31049
30918
30817
30678
30535
30424
30272
30156
29996
29873
29706
29577
29402
29268
29085
28945
28754
28559
28410
28208
28053
27843
27683
27466
27300
27076
26905
26673
26497
26258
26016
25831
25582
25392
25136
24942
24679
24480
24211
24006
23731
23452
23240
22955
22739
22448
22227
21930
21705
21402
21173
20864
20631
20317
20000
19760
19438
19194
18867
18620
18287
18036
17699
17445
17103
16759
16499
16150
15887
15534
15268
14911
14642
14281
14009
13645
13370
13002
12632
12353
11980
11698
11322
11038
10659
10373
9991
9703
9319
8932
8642
8253
7961
7571
7277
6884
6589
6195
5898
5502
5205
4807
4409
4110
3711
3411
3011
2711
2310
2009
1607
1306
904
502
201
-201
-502
-904
-1206
-1607
-1908
-2310
-2610
-3011
-3311
-3711
-4110
-4409
-4807
-5106
-5502
-5799
-6195
-6491
-6884
-7179
-7571
-7864
-8253
-8642
-8932
-9319
-9607
-9991
-10278
-10659
-10944
-11322
-11604
-11980
-12353
-12632
-13002
-13278
-13645
-13918
-14281
-14552
-14911
-15179
-15534
-15799
-16150
-16499
-16759
-17103
-17360
-17699
-17952
-18287
-18537
-18867
-19113
-19438
-19760
-20000
-20317
-20553
-20864
-21096
-21402
-21629
-21930
-22153
-22448
-22666
-22955
-23240
-23452
-23731
-23938
-24211
-24413
-24679
-24877
-25136
-25329
-25582
-25831
-26016
-26258
-26437
-26673
-26847
-27076
-27244
-27466
-27629
-27843
-28001
-28208
-28410
-28559
-28754
-28897
-29085
-29222
-29402
-29534
-29706
-29832
-29996
-30156
-30272
-30424
-30535
-30678
-30783
-30918
-31017
-31144
-31236
-31356
-31442
-31553
-31659
-31735
-31833
-31903
-31992
-32056
-32137
-32194
-32267
-32318
-32382
-32441
-32482
-32532
-32567
-32609
-32637
-32670
-32692
-32717
-32732
-32748
-32757
-32764
-32767
-32765
-32759
-32751
-32736
-32722
-32699
-32678
-32646
-32618
-32578
-32544
-32495
-32441
-32397
-32334
-32284
-32213
-32156
-32077
-32014
-31926
-31856
-31760
-31659
-31580
-31470
-31385
-31267
-31175
-31049
-30951
-30817
-30713
-30571
-30461
-30311
-30156
-30036
-29873
-29748
-29577
-29446
-29268
-29131
-28945
-28802
-28608
-28410
-28259
-28053
-27896
-27683
-27520
-27300
-27132
-26905
-26731
-26497
-26318
-26077
-25831
-25645
-25392
-25201
-24942
-24745
-24480
-24278
-24006
-23800
-23522
-23240
-23027
-22739
-22521
-22227
-22004
-21705
-21478
-21173
-20942
-20631
-20396
-20079
-19760
-19519
-19194
-18949
-18620
-18371
-18036
-17784
-17445
-17189
-16845
-16499
-16238
-15887
-15623
-15268
-15001
-14642
-14372
-14009
-13736
-13370
-13094
-12724
-12353
-12073
-11698
-11416
-11038
-10754
-10373
-10087
-9703
-9415
-9029
-8642
-8351
-7961
-7668
-7277
-6982
-6589
-6293
-5898
-5601
-5205
-4907
-4509
-4110
-3811
-3411
-3111
-2711
-2410
-2009
-1708
-1306
-1005
-603
-301
100
502
804
1206
1507
1908
2209
2610
2911
3311
3611
4011
4409
4708
5106
5403
5799
6096
6491
6786
7179
7473
7864
8156
8545
8932
9222
9607
9895
10278
10564
10944
11227
11604
11886
12260
12632
12909
13278
13553
13918
14191
14552
14822
15179
15446
15799
16063
16412
16759
17017
17360
17615
17952
18204
18537
18785
19113
19357
19680
20000
20238
20553
20787
21096
21326
21629
21855
22153
22374
22666
22883
23169
23452
23661
23938
24143
24413
24613
24877
25072
25329
25519
25769
26016
26198
26437
26615
26847
27019
27244
27411
27629
27790
28001
28156
28360
28559
28706
28897
29038
29222
29358
29534
29663
29832
29955
30116
30234
30386
30535
30643
30783
30885
31017
31113
31236
31326
31442
31525
31633
31735
31809
31903
31970
32056
32117
32194
32249
32318
32366
32426
32468
32520
32567
32599
32637
32662
32692
32711
32732
32744
32757
32763
32766
32765
32761
32751
32740
32722
32705
32678
32654
32618
32588
32544
32508
32455
32397
32350
32284
32231
32156
32097
32014
31948
31856
31785
31684
31580
31498
31385
31297
31175
31081
30951
30851
30713
30607
30461
30349
30195
30036
29915
29748
29621
29446
29313
29131
28992
28802
28657
28460
28259
28105
27896
27736
27520
27355
27132
26962
26731
26556
26318
26137
25893
25645
25456
25201
25007
24745
24546
24278
24075
23800
23592
23311
23027
22811
22521
22301
22004
21780
21478
21249
20942
20709
20396
20159
19840
19519
19276
18949
18702
18371
18120
17784
17530
17189
16931
16586
16325
15975
15623
15357
15001
14732
14372
14100
13736
13462
13094
12817
12446
12073
11792
11416
11133
10754
10469
10087
9799
9415
9126
8739
8448
8059
7668
7375
6982
6688
6293
5997
5601
5304
4907
4608
4210
3811
3511
3111
2811
2410
2109
1708
1406
1005
703
301
0
-402
-804
-1105
-1507
-1808
-2209
-2510
-2911
-3211
-3611
-3911
-4310
-4708
-5006
-5403
-5700
-6096
-6392
-6786
-7081
-7473
-7766
-8156
-8448
-8836
-9222
-9511
-9895
-10182
-10564
-10849
-11227
-11510
-11886
-12166
-12539
-12909
-13186
-13553
-13827
-14191
-14462
-14822
-15090
-15446
-15711
-16063
-16325
-16672
-17017
-17274
-17615
-17868
-18204
-18454
-18785
-19031
-19357
-19599
-19920
-20238
-20474
-20787
-21019
-21326
-21554
-21855
-22079
-22374
-22594
-22883
-23098
-23382
-23661
-23869
-24143
-24346
-24613
-24811
-25072
-25265
-25519
-25707
-25954
-26137
-26378
-26615
-26789
-27019
-27188
-27411
-27575
-27790
-27948
-28156
-28309
-28510
-28706
-28850
-29038
-29177
-29358
-29490
-29663
-29790
-29955
-30076
-30234
-30349
-30498
-30643
-30748
-30885
-30984
-31113
-31206
-31326
-31413
-31525
-31606
-31710
-31809
-31880
-31970
-32035
-32117
-32176
-32249
-32301
-32366
-32412
-32468
-32508
-32556
-32599
-32628
-32662
-32685
-32711
-32727
-32744
-32754
-32763
-32766
-32766
-32761
-32754
-32740
-32727
-32705
-32685
-32654
-32628
-32588
-32556
-32508
-32468
-32412
-32350
-32301
-32231
-32176
-32097
-32035
-31948
-31880
-31785
-31710
-31606
-31498
-31413
-31297
-31206
-31081
-30984
-30851
-30748
-30607
-30498
-30349
-30234
-30076
-29915
-29790
-29621
-29490
-29313
-29177
-28992
-28850
-28657
-28510
-28309
-28156
-27948
-27736
-27575
-27355
-27188
-26962
-26789
-26556
-26378
-26137
-25954
-25707
-25456
-25265
-25007
-24811
-24546
-24346
-24075
-23869
-23592
-23382
-23098
-22883
-22594
-22301
-22079
-21780
-21554
-21249
-21019
-20709
-20474
-20159
-19920
-19599
-19276
-19031
-18702
-18454
-18120
-17868
-17530
-17274
-16931
-16672
-16325
-16063
-15711
-15357
-15090
-14732
-14462
-14100
-13827
-13462
-13186
-12817
-12539
-12166
-11792
-11510
-11133
-10849
-10469
-10182
-9799
-9511
-9126
-8836
-8448
-8156
-7766
-7375
-7081
-6688
-6392
-5997
-5700
-5304
-5006
-4608
-4310
-3911
-3511
-3211
-2811
-2510
-2109
-1808
-1406
-1105
-703
-402
0
301
703
1105
1406
1808
2109
2510
2811
3211
3511
3911
4210
4608
5006
5304
5700
5997
6392
6688
7081
7375
7766
8059
8448
8739
9126
9511
9799
10182
10469
10849
11133
11510
11792
12166
12446
12817
13094
13462
13827
14100
14462
14732
15090
15357
15711
15975
16325
16586
16931
17274
17530
17868
18120
18454
18702
19031
19276
19599
19840
20159
20396
20709
21019
21249
21554
21780
22079
22301
22594
22811
23098
23311
23592
23869
24075
24346
24546
24811
25007
25265
25456
25707
25893
26137
26318
26556
26789
26962
27188
27355
27575
27736
27948
28105
28309
28460
28657
28850
28992
29177
29313
29490
29621
29790
29915
30076
30195
30349
30461
30607
30748
30851
30984
31081
31206
31297
31413
31498
31606
31684
31785
31880
31948
32035
32097
32176
32231
32301
32350
32412
32455
32508
32544
32588
32628
32654
32685
32705
32727
32740
32754
32761
32766
32766
32763
32754
32744
32727
32711
32685
32662
32628
32599
32556
32520
32468
32426
32366
32301
32249
32176
32117
32035
31970
31880
31809
31710
31633
31525
31442
31326
31206
31113
30984
30885
30748
30643
30498
30386
30234
30116
29955
29790
29663
29490
29358
29177
29038
28850
28706
28510
28360
28156
28001
27790
27575
27411
27188
27019
26789
26615
26378
26198
25954
25769
25519
25265
25072
24811
24613
24346
24143
23869
23661
23382
23169
22883
22666
22374
22079
21855
21554
21326
21019
20787
20474
20238
19920
19680
19357
19031
18785
18454
18204
17868
17615
17274
17017
16672
16412
16063
15799
15446
15090
14822
14462
14191
13827
13553
13186
12909
12539
12260
11886
11510
11227
10849
10564
10182
9895
9511
9222
8836
8545
8156
7864
7473
7081
6786
6392
6096
5700
5403
5006
4708
4310
4011
3611
3311
2911
2510
2209
1808
1507
1105
804
402
100
-301
-603
-1005
-1406
-1708
-2109
-2410
-2811
-3111
-3511
-3811
-4210
-4509
-4907
-5205
-5601
-5997
-6293
-6688
-6982
-7375
-7668
-8059
-8351
-8739
-9029
-9415
-9799
-10087
-10469
-10754
-11133
-11416
-11792
-12073
-12446
-12724
-13094
-13370
-13736
-14100
-14372
-14732
-15001
-15357
-15623
-15975
-16238
-16586
-16845
-17189
-17530
-17784
-18120
-18371
-18702
-18949
-19276
-19519
-19840
-20079
-20396
-20631
-20942
-21249
-21478
-21780
-22004
-22301
-22521
-22811
-23027
-23311
-23522
-23800
-24075
-24278
-24546
-24745
-25007
-25201
-25456
-25645
-25893
-26077
-26318
-26497
-26731
-26962
-27132
-27355
-27520
-27736
-27896
-28105
-28259
-28460
-28608
-28802
-28992
-29131
-29313
-29446
-29621
-29748
-29915
-30036
-30195
-30311
-30461
-30571
-30713
-30851
-30951
-31081
-31175
-31297
-31385
-31498
-31580
-31684
-31760
-31856
-31926
-32014
-32097
-32156
-32231
-32284
-32350
-32397
-32455
-32495
-32544
-32578
-32618
-32654
-32678
-32705
-32722
-32740
-32751
-32761
-32765
-32766
-32764
-32757
-32748
-32732
-32711
-32692
-32662
-32637
-32599
-32567
-32520
-32482
-32426
-32382
-32318
-32249
-32194
-32117
-32056
-31970
-31903
-31809
-31735
-31633
-31553
-31442
-31356
-31236
-31113
-31017
-30885
-30783
-30643
-30535
-30386
-30272
-30116
-29996
-29832
-29663
-29534
-29358
-29222
-29038
-28897
-28706
-28559
-28360
-28208
-28001
-27843
-27629
-27411
-27244
-27019
-26847
-26615
-26437
-26198
-26016
-25769
-25582
-25329
-25072
-24877
-24613
-24413
-24143
-23938
-23661
-23452
-23169
-22955
-22666
-22448
-22153
-21855
-21629
-21326
-21096
-20787
-20553
-20238
-20000
-19680
-19438
-19113
-18785
-18537
-18204
-17952
-17615
-17360
-17017
-16759
-16412
-16150
-15799
-15534
-15179
-14822
-14552
-14191
-13918
-13553
-13278
-12909
-12632
-12260
-11980
-11604
-11322
-10944
-10564
-10278
-9895
-9607
-9222
-8932
-8545
-8253
-7864
-7571
-7179
-6786
-6491
-6096
-5799
-5403
-5106
-4708
-4409
-4011
-3711
-3311
-3011
-2610
-2209
-1908
-1507
-1206
-804
-502
-100
201
603
904
1306
1708
2009
2410
2711
3111
3411
3811
4110
4509
4807
5205
5502
5898
6293
6589
6982
7277
7668
7961
8351
8642
9029
9319
9703
10087
10373
10754
11038
11416
11698
12073
12353
12724
13002
13370
13645
14009
14372
14642
15001
15268
15623
15887
